"X"	"Id"	"Start"	"End"	"tmp_pos"	"Exp"
"1"	1288	"SMa2389"	1349279	1349696	513.5	95.7559181799931
"2"	1289	"SMa2391"	1350000	1351206	602	754.077855633034
"3"	1287	"SMa2387"	1348372	1349071	1279.5	265.543418005912
"4"	1290	"SMa5039"	1351265	1351448	1355.5	344.122830916336
"5"	1291	"SMa2393"	1351361	1352363	1861	2901.06184181044
"6"	1286	"SMa2385"	1346714	1348304	2492	996.460023465923
"7"	1292	"SMa2395"	1352359	1353535	2946	3114.79034011631
"8"	1285	"SMa2383"	1345524	1346493	3992.5	454.840611148502
"9"	1284	"SMa2381"	1344904	1345471	4813.5	643.942788792685
"10"	1283	"SMa2379"	1342281	1344465	6628	12355.9900775282
"11"	1282	"SMa2377"	1341021	1342191	8395	1031.71288901131
"12"	1281	"SMa2375"	1340346	1340820	9418	0
"13"	1280	"SMa2373"	1339873	1340281	9924	0
"14"	1279	"SMa5034"	1339094	1339781	10563.5	1120.14542235513
"15"	1278	"SMa2371"	1337701	1339000	11650.5	1965.02129336072
"16"	1277	"SMa2369"	1336735	1337680	12793.5	622.413468032311
"17"	1276	"SMa2367"	1335689	1336739	13787	481.297444985434
"18"	1275	"SMa2365"	1334173	1335700	15064.5	1415.39216533134
"19"	1274	"SMa2363"	1332761	1334177	16532	1380.82577372172
"20"	1273	"SMa2361"	1331763	1332750	17744.5	3229.67182150584
"21"	1272	"SMa2359"	1330681	1331458	18931.5	171.952148178491
"22"	1271	"SMa2357"	1329977	1330670	19677.5	469.802473407139
"23"	1270	"SMa2355"	1327041	1328151	22405	2453.74540284616
"24"	1269	"SMa2353"	1324659	1326858	24242.5	406.962652333792
"25"	1268	"SMa2351"	1323704	1324655	25821.5	146.626249687306
"26"	1267	"SMa2349"	1323060	1323708	26617	80.7940559557664
"27"	1266	"SMa2347"	1322020	1322701	27640.5	551.002592331399
"28"	1265	"SMa5013"	1321585	1321999	28209	196.516740783938
"29"	1264	"SMa5012"	1321061	1321589	28676	280.036355588783
"30"	1263	"SMa2343"	1320284	1321007	29355.5	1284.56628452968
"31"	1262	"SMa2341"	1319297	1320185	30260	323.176223823066
"32"	1261	"SMa2339"	1317984	1319097	31460.5	318.652101600596
"33"	1260	"SMa2414"	1315744	1317985	33136.5	424.869468887443
"34"	1259	"SMa2412"	1314631	1315576	34897.5	152.300474112025
"35"	1258	"SMa2410"	1312752	1314558	36346	415.939769482509
"36"	1257	"SMa2408"	1311398	1312769	37917.5	245.645925965013
"37"	1256	"SMa2406"	1310811	1311402	38894.5	56.427976325444
"38"	1255	"SMa2404"	1309061	1310819	40061	152.610994590761
"39"	1254	"SMa2402"	1307587	1309075	41670	136.091001733716
"40"	1253	"SMa2400"	1306178	1307591	43116.5	108.084207440112
"41"	1252	"SMa2337"	1304823	1306119	44530	216.168414850404
"42"	1251	"SMa2335"	1304348	1304552	45551	19.9157563520681
"43"	1250	"SMa2333"	1302413	1304123	46733	156.006758085784
"44"	1249	"SMa2331"	1300359	1302402	48620.5	137.561718554721
"45"	1248	"SMa2329"	1299787	1300357	49929	47.8779590899965
"46"	1247	"SMa2327"	1297078	1299769	51577.5	1190.96423213999
"47"	1246	"SMa2325"	1296389	1297082	53265.5	295.417052517767
"48"	1245	"SMa2323"	1295740	1296166	54048	491.291851810744
"49"	1244	"SMa2321"	1293346	1295416	55620	1706.11646068636
"50"	1243	"SMa2319"	1292161	1292809	57516	185.527091456531
"51"	1242	"SMa2317"	1291826	1292054	58061	152.610994590761
"52"	1241	"SMa2315"	1291277	1291817	58454	648.505244521392
"53"	1240	"SMa2313"	1289112	1291146	59872	389.008417692249
"54"	1239	"SMa2311"	1287889	1289116	61498.5	110.717780369809
"55"	1238	"SMa2309"	1287071	1287893	62519	29.9237244278067
"56"	1237	"SMa2307"	1286172	1287096	63367	66.3858545177246
"57"	1236	"SMa2305"	1284826	1286095	64540.5	126.133123541436
"58"	1235	"SMa2303"	1283422	1284649	65965.5	397.946400047218
"59"	1234	"SMa2301"	1281992	1283339	67335.5	176.865066687652
"60"	1233	"SMa2299"	1280761	1281688	68776.5	69.7051472159916
"61"	1232	"SMa2297"	1279887	1280700	69707.5	544.611784700327
"62"	1231	"SMa2295"	1278151	1279483	71184	412.685155604522
"63"	1230	"SMa2294"	1275787	1277974	73120.5	137.561718554721
"64"	1229	"SMa2293"	1274592	1275477	74966.5	481.466014971344
"65"	1228	"SMa2291"	1273404	1274517	76040.5	200.488953646347
"66"	1227	"SMa2289"	1273010	1273403	76794.5	78.6066962956832
"67"	1226	"SMa2287"	1271937	1272870	77597.5	494.574615908475
"68"	1225	"SMa2285"	1271329	1271806	78433.5	89.7711732765381
"69"	1224	"SMa2281"	1270389	1270722	79445.5	46.4700981656565
"70"	1223	"SMa2279"	1269910	1270393	79849.5	43.1508054348963
"71"	1222	"SMa2275"	1268801	1269077	81062	324.252622260696
"72"	1221	"SMa2273"	1268470	1268821	81355.5	221.081333359565
"73"	1220	"SMa2269"	1267796	1268162	82022	14.7387555573044
"74"	1219	"SMa2267"	1267176	1267614	82606	487.756708048682
"75"	1218	"SMa2265"	1266849	1267101	83026	275.298264733069
"76"	1217	"SMa2263"	1266524	1266860	83309	235.669783494056
"77"	1216	"SMa2259"	1265173	1265599	84615	451.988503856735
"78"	1215	"SMa2257"	1264009	1265167	85413	1991.57563520681
"79"	1214	"SMa2255"	1263674	1264013	86157.5	876.765125740932
"80"	1213	"SMa2253"	1263294	1263672	86518	902.847621142117
"81"	1212	"SMa2251"	1261773	1262337	87946	933.620202048467
"82"	1211	"SMa2249"	1260670	1261777	88777.5	524.448250485317
"83"	1210	"SMa2245"	1257343	1259881	91389	4136.67739407744
"84"	1209	"SMa2243"	1256338	1257265	93199.5	826.503888659564
"85"	1208	"SMa2241"	1255073	1256321	94304	2378.93609189708
"86"	1207	"SMa2239"	1254258	1255038	95353	2995.36481516358
"87"	1206	"SMa2237"	1253109	1254114	96389.5	571.543136490587
"88"	1205	"SMa2235"	1251185	1252820	97998.5	972.757866782088
"89"	1204	"SMa2233"	1250150	1250930	99461	1021.88705217191
"90"	1203	"SMa2231"	1249315	1249699	100494	2038.86118562591
"91"	1202	"SMa2229"	1248076	1248562	101682	194.504208777303
"92"	1201	"SMa2227"	1247112	1247886	102502	1734.26023734222
"93"	1200	"SMa2225"	1245644	1247021	103668.5	648.505244521392
"94"	1199	"SMa2223"	1244237	1245344	105210.5	428.188761618203
"95"	1198	"SMa2221"	1243527	1244241	106117	383.207644489914
"96"	1197	"SMa2219"	1242937	1243531	106767	341.887150618438
"97"	1196	"SMa2217"	1241609	1242935	107729	766.415288979827
"98"	1195	"SMa2215"	1240819	1241587	108798	281.283009602113
"99"	1194	"SMa2213"	1239072	1240557	110186.5	864.673659461257
"100"	1193	"SMa2211"	1237355	1239056	111795.5	1543.47111720404
"101"	1192	"SMa2209"	1236211	1237234	113278.5	532.642294824595
"102"	1191	"SMa2207"	1235015	1236101	114443	368.441492464519
"103"	1190	"SMa2205"	1234153	1235014	115417.5	317.191478919611
"104"	1189	"SMa2203"	1233362	1234157	116241.5	209.115441680468
"105"	1188	"SMa2201"	1232891	1233272	116919.5	224.427933191345
"106"	1187	"SMa2199"	1231889	1232780	117666.5	697.22277898139
"107"	1186	"SMa2197"	1230911	1231826	118632.5	574.81146673487
"108"	1185	"SMa2195"	1230145	1230910	119473.5	568.550764107682
"109"	1184	"SMa2193"	1228831	1230145	120513	966.536298948648
"110"	1183	"SMa2191"	1228390	1228777	121417.5	0
"111"	1182	"SMa2189"	1226954	1228184	122432	0
"112"	1181	"SMa2187"	1226046	1226961	123497.5	0
"113"	1180	"SMa2175"	1225060	1226050	124446	0
"114"	1179	"SMa2171"	1222965	1224603	126217	6.63858545177246
"115"	1178	"SMa2169"	1222134	1222512	127678	95.7559181799931
"116"	1177	"SMa2168"	1222023	1222096	127941.5	59.8474488624957
"117"	1176	"SMa2167"	1221479	1221947	128288	739.115993374397
"118"	1175	"SMa2165"	1219614	1220355	130016.5	89.7711732765381
"119"	1174	"SMa2163"	1218607	1219489	130953	203.481326098074
"120"	1173	"SMa2159"	1217747	1218461	131897	74.8093110523114
"121"	1172	"SMa2157"	1216722	1217778	132751	50.870331541724
"122"	1171	"SMa2151"	1215300	1215624	134539	751.676533422523
"123"	1170	"SMa2147"	1213697	1214588	135858.5	29.9237244278067
"124"	1169	"SMa5035"	1213663	1214104	136117.5	11.969489769058
"125"	1168	"SMa2145"	1212030	1213287	137342.5	374.046555433612
"126"	1167	"SMa2143"	1211021	1211975	138503	89.7711732765381
"127"	1166	"SMa2141"	1210164	1211025	139406.5	157.213392621187
"128"	1165	"SMa2139"	1208865	1210071	140533	155.603367008078
"129"	1164	"SMa2137"	1207894	1208869	141619.5	248.946954384604
"130"	1163	"SMa2135"	1206554	1207823	142812.5	353.730133375305
"131"	1162	"SMa2133"	1205621	1206413	143984	523.665177331769
"132"	1161	"SMa2131"	1204555	1205452	144997.5	245.374540284616
"133"	1160	"SMa2129"	1203290	1204310	146201	746.840863121319
"134"	1159	"SMa2127"	1201707	1203258	147518.5	433.894004124053
"135"	1158	"SMa2125"	1200659	1201739	148802	265.297600031479
"136"	1157	"SMa2123"	1199734	1200667	149800.5	263.32877496057
"137"	1156	"SMa2121"	1198463	1199327	151106	242.308368923084
"138"	1155	"SMa2119"	1197521	1198448	152016.5	225.711905301776
"139"	1154	"SMa2117"	1195712	1197479	153405.5	786.672375890442
"140"	1153	"SMa2115"	1195053	1195701	154624	260.384681522317
"141"	1152	"SMa2113"	1193877	1195005	155560	173.557601684032
"142"	1151	"SMa2111"	1191762	1193313	157463.5	460.825356258422
"143"	1150	"SMa2109"	1190052	1190955	159497.5	648.505244521392
"144"	1149	"SMa2107"	1189052	1189958	160496	3770.38927816517
"145"	1148	"SMa2105"	1187703	1188924	161687.5	2250.11668184787
"146"	1147	"SMa2103"	1185924	1187247	163415.5	125.679642594035
"147"	1146	"SMa2101"	1184497	1185799	164853	176.549974101349
"148"	1145	"SMa2099"	1183831	1184482	165844.5	215.754027141988
"149"	1144	"SMa2097"	1182562	1183813	166813.5	74.8093110523114
"150"	1143	"SMa2095"	1181687	1182566	167874.5	54.0421037200561
"151"	1142	"SMa2093"	1180656	1181691	168827.5	49.1291851810744
"152"	1141	"SMa2091"	1179759	1180647	169798	50.870331541724
"153"	1140	"SMa2089"	1179415	1179769	170409	38.9008417692249
"154"	1139	"SMa2087"	1178361	1179402	171119.5	74.8093110523114
"155"	1138	"SMa2085"	1177078	1178065	172429.5	38.9008417692249
"156"	1137	"SMa2083"	1176080	1177079	173421.5	32.916096869211
"157"	1136	"SMa2081"	1175079	1176078	174422.5	20.9466071001529
"158"	1135	"SMa2079"	1174157	1175102	175371.5	44.885586638269
"159"	1134	"SMa2077"	1173081	1174143	176389	239.389795415572
"160"	1133	"SMa2075"	1170763	1172395	178422	278.82058889646
"161"	1132	"SMa2073"	1169452	1170676	179937	235.669783494056
"162"	1131	"SMa2071"	1168554	1168746	181351	14.9618622139034
"163"	1130	"SMa2069"	1166976	1168002	182512	1031.71288901131
"164"	1129	"SMa2067"	1165851	1166895	183628	466.727259414039
"165"	1128	"SMa2065"	1165102	1165492	184704	78.6066962956832
"166"	1127	"SMa2063"	1164047	1165091	185432	152.300474112025
"167"	1126	"SMa2061"	1162595	1164041	186683	323.176223823066
"168"	1125	"SMa2059"	1161898	1162480	187812	56.427976325444
"169"	1124	"SMa2057"	1161473	1161689	188420	39.3033481627518
"170"	1123	"SMa2055"	1161207	1161459	188668	63.8679407383788
"171"	1122	"SMa2053"	1160821	1161133	189024	43.1508054348963
"172"	1121	"SMa2051"	1159790	1160825	189693.5	103.171288901131
"173"	1120	"SMa2049"	1158528	1159611	190931.5	143.633877235579
"174"	1119	"SMa2047"	1157276	1158278	192224	0
"175"	1118	"SMa2045"	1156612	1157086	193152	4.91291851810744
"176"	1117	"SMa2043"	1156136	1156547	193659.5	0
"177"	1116	"SMa2041"	1154628	1155489	194942.5	5625.29170536518
"178"	1115	"SMa5011"	1154152	1154629	195610.5	3943.31975894422
"179"	1114	"SMa2037"	1151897	1154150	196977.5	13914.4751033018
"180"	1113	"SMa2034"	1151642	1151888	198236	1135.1981119704
"181"	1112	"SMa2033"	1149914	1150712	199688	383.023672582329
"182"	1111	"SMa2032"	1149082	1149382	200769	46.4700981656565
"183"	1110	"SMa2031"	1148873	1149245	200942	66.3858545177246
"184"	1109	"SMa2029"	1148212	1148863	201463.5	169.283928976332
"185"	1108	"SMa2027"	1147164	1148058	202390	496.733825541509
"186"	1107	"SMa2025"	1145208	1146840	203977	265.297600031479
"187"	1106	"SMa2023"	1144229	1145021	205376	338.138086012881
"188"	1105	"SMa2020"	1143617	1144085	206150	574.81146673487
"189"	1104	"SMa2019"	1143192	1143603	206603.5	251.359285188071
"190"	1103	"SMa2015"	1141885	1142407	207855	201.4296592931
"191"	1102	"SMa2014"	1141503	1141941	208279	83.5196148346649
"192"	1101	"SMa2012"	1139045	1140725	210116	649.344820166681
"193"	1100	"SMa2011"	1138650	1138977	211187.5	152.300474112025
"194"	1099	"SMa2009"	1138204	1138654	211572	140.641504818262
"195"	1098	"SMa2008"	1137544	1138150	212154	371.760785195279
"196"	1097	"SMa2004"	1136006	1137080	213458	345.206443349198
"197"	1096	"SMa2002"	1135284	1135947	214385.5	524.448250485317
"198"	1095	"SMa2000"	1133957	1135034	215505.5	383.207644489914
"199"	1094	"SMa1998"	1132403	1133897	216851	251.359285188071
"200"	1093	"SMa1996"	1131415	1132387	218100	86.7788008248105
"201"	1092	"SMa1995"	1130462	1131413	219063.5	104.733035500765
"202"	1091	"SMa1993"	1129776	1130433	219896.5	186.690903735795
"203"	1090	"SMa1990"	1129047	1129404	220775.5	1645.80484328849
"204"	1089	"SMa1987"	1127615	1128455	221966	481.297444985434
"205"	1088	"SMa1985"	1126438	1127479	223042.5	162.645343514811
"206"	1087	"SMa1979"	1124992	1125865	224572.5	325.290686964637
"207"	1086	"SMa1978"	1124197	1124902	225451.5	179.542346553076
"208"	1085	"SMa1976"	1123379	1124171	226226	280.036355588783
"209"	1084	"SMa1974"	1122482	1123199	227160.5	284.949274127765
"210"	1083	"SMa1973"	1122123	1122483	227698	68.7808592773605
"211"	1082	"SMa1971"	1121813	1122110	228039.5	49.1291851810744
"212"	1081	"SMa1969"	1120844	1121684	228737	140.641504818262
"213"	1080	"SMa1968"	1120075	1120768	229579.5	96.2594890295801
"214"	1079	"SMa1967"	1119542	1119881	230289.5	41.8932141865415
"215"	1078	"SMa1966"	1118217	1119327	231229	1204.90325931636
"216"	1077	"SMa1965"	1117693	1118170	232069.5	88.4325333438262
"217"	1076	"SMa1963"	1116745	1117555	232851	599.376059429779
"218"	1075	"SMa1961"	1115364	1116459	234089.5	638.679407383788
"219"	1074	"SMa1960"	1114843	1115299	234930	589.497371132131
"220"	1073	"SMa1959"	1113512	1114751	235869.5	260.336402508843
"221"	1072	"SMa1957"	1112317	1113208	237238.5	299.237244278067
"222"	1071	"SMa1956"	1111324	1112239	238219.5	869.586577880958
"223"	1070	"SMa1954"	1109859	1110843	239650	321.971394331356
"224"	1069	"SMa1953"	1108752	1109757	240746.5	89.6209035680596
"225"	1068	"SMa1952"	1107686	1108532	241892	437.249748299431
"226"	1067	"SMa1951"	1107298	1107562	242571	34.3904296237701
"227"	1066	"SMa1948"	1105814	1106531	243828.5	424.916886975336
"228"	1065	"SMa1945"	1104179	1105040	245391.5	165.964636245572
"229"	1064	"SMa1943"	1103711	1104167	246062	1075.45084281672
"230"	1063	"SMa1939"	1101630	1103166	247603	584.195519639001
"231"	1062	"SMa1937"	1100216	1101455	249165.5	191.603822244957
"232"	1061	"SMa1935"	1099581	1100220	250100.5	152.300474112025
"233"	1060	"SMa1933"	1098785	1099427	250895	732.024859445518
"234"	1059	"SMa1929"	1097611	1098121	252135	212.434734411228
"235"	1058	"SMa1927"	1096026	1097019	253478.5	2011.49139126643
"236"	1057	"SMa1924"	1095015	1095690	254648.5	1436.33877235579
"237"	1056	"SMa1921"	1093538	1093883	256290.5	807.940559557664
"238"	1055	"SMa1919"	1092556	1092790	257328	62.8398212798123
"239"	1054	"SMa1918"	1092278	1092560	257582	79.6630254082722
"240"	1053	"SMa1917"	1091548	1091971	258241.5	86.3016108372994
"241"	1052	"SMa1916"	1089429	1091208	259682.5	255.471763013156
"242"	1051	"SMa1913"	1087881	1089270	261425.5	188.519463873848
"243"	1050	"SMa1910"	1087263	1087539	262600	32.916096869211
"244"	1049	"SMa1907"	1085809	1086190	264001.5	275.123437079622
"245"	1048	"SMa1905"	1082805	1085151	266023	2146.94539294674
"246"	1047	"SMa1903"	1080813	1081800	268694.5	232.350490763296
"247"	1046	"SMa1902"	1080264	1080747	269495.5	189.1996853284
"248"	1045	"SMa1900"	1079607	1080165	270115	14.9618622139034
"249"	1044	"SMa1898"	1078035	1079262	271352.5	299.237244278067
"250"	1043	"SMa1896"	1077323	1077830	272424.5	554.321885062159
"251"	1042	"SMa1894"	1076879	1077323	272900	391.676541579841
"252"	1041	"SMa1893"	1075894	1076770	273669	288.77846708874
"253"	1040	"SMa1891"	1075519	1075816	274333.5	29.9237244278067
"254"	1039	"SMa1890"	1074957	1075602	274721.5	131.66438746308
"255"	1038	"SMa1887"	1074258	1074861	275441.5	195.83827078992
"256"	1037	"SMa1885"	1073044	1074193	276382.5	152.300474112025
"257"	1036	"SMa1884"	1069937	1073048	278508.5	471.64017783374
"258"	1035	"SMa1882"	1069238	1069898	280433	39.3033481627518
"259"	1034	"SMa1881"	1068557	1069151	281147	715.177013622933
"260"	1033	"SMa1878"	1067875	1068031	282048	13.2771709002956
"261"	1032	"SMa1875"	1065693	1067211	283549	381.71866338756
"262"	1031	"SMa1874"	1064741	1065083	285089	38.9008417692249
"263"	1030	"SMa1872"	1063480	1064452	286035	293.252499374612
"264"	0	"SMa0002"	1352	4457	286223.5	8435.49791430406
"265"	1029	"SMa1871"	1062482	1063475	287022.5	89.7711732765381
"266"	1	"SMa0005"	4453	5446	288268.5	1783.45397565503
"267"	1028	"SMa1869"	1060922	1062248	288416	137.649132366535
"268"	2	"SMa0007"	5423	6110	289085.5	769.039717891672
"269"	1027	"SMa1867"	1060210	1060687	289552.5	323.176223823066
"270"	3	"SMa0009"	6148	7069	289927.5	1591.78560018887
"271"	1026	"SMa1864"	1058446	1060102	290727	312.013516171568
"272"	4	"SMa0011"	7073	8474	291092.5	1756.52262386477
"273"	1025	"SMa1863"	1057583	1058447	291986	69.7051472159916
"274"	5	"SMa0013"	8382	9255	292137.5	733.563692198278
"275"	1024	"SMa1862"	1056636	1057587	292889.5	147.387555573044
"276"	6	"SMa0015"	9251	11252	293570.5	1251.37335722207
"277"	1023	"SMa1860"	1054934	1056545	294261.5	343.904296237701
"278"	7	"SMa0017"	11505	12063	295103	906.688850258206
"279"	1022	"SMa1857"	1054004	1054865	295566.5	195.83827078992
"280"	8	"SMa5000"	12258	12546	295721	159.326050816544
"281"	9	"SMa0018"	12753	13161	296276	0
"282"	1021	"SMa1855"	1052535	1053912	296777.5	65.8321937315398
"283"	10	"SMa0020"	13226	13700	296782	3.31929272426157
"284"	1020	"SMa1853"	1051669	1052521	297906	29.4775111146087
"285"	11	"SMa0021"	14449	15094	298090.5	790.979881674736
"286"	1019	"SMa1851"	1050699	1051368	298967.5	222.392612571016
"287"	12	"SMa0022"	15715	15807	299080	309.513866703392
"288"	13	"SMa5014"	15825	16209	299336	511.171079562276
"289"	1018	"SMa1850"	1049405	1050683	299957	257.344030057115
"290"	14	"SMa0025"	16250	17318	300103	2377.85256344391
"291"	15	"SMa0026"	17423	17852	300956.5	157.213392621187
"292"	1017	"SMa1848"	1047687	1049142	301586.5	65.8321937315398
"293"	16	"SMa0028"	17864	18914	301708	1028.980744911
"294"	17	"SMa0031"	19208	19436	302641	451.988503856735
"295"	1016	"SMa1846"	1046609	1047653	302870	131.66438746308
"296"	18	"SMa0034"	19452	21108	303599	2982.14154010057
"297"	1015	"SMa1844"	1045136	1046600	304133	49.1291851810744
"298"	1014	"SMa1840"	1044450	1044804	305374	125.679642594035
"299"	19	"SMa0036"	21428	23051	305558.5	4756.54647635581
"300"	1013	"SMa1838"	1043437	1044361	306102	122.822962997417
"301"	1012	"SMa1836"	1042301	1043426	307137.5	242.308368923084
"302"	20	"SMa0039"	23397	24297	307166	122.822962997417
"303"	21	"SMa0041"	24398	25388	308212	1643.04989880192
"304"	1011	"SMa1835"	1041082	1041991	308464.5	282.13988162722
"305"	22	"SMa0044"	25416	25683	308868.5	1694.95688909
"306"	23	"SMa0045"	25847	26597	309541	3915.59606071787
"307"	1010	"SMa1833"	1039507	1040893	309801	510.943526085953
"308"	24	"SMa5015"	26905	27154	310348.5	92.7635457282656
"309"	25	"SMa0050"	27294	27516	310724	9.82583703919692
"310"	1009	"SMa1832"	1039012	1039465	310762.5	29.4775111146087
"311"	26	"SMa0052"	27506	27713	310928.5	14.7387555573044
"312"	1008	"SMa1831"	1038346	1038949	311353.5	50.870331541724
"313"	27	"SMa0056"	28294	29428	312180	205.796148949708
"314"	1007	"SMa1828"	1036362	1037514	313063	159.326050816544
"315"	28	"SMa0058"	29491	30688	313408.5	368.468888932609
"316"	1006	"SMa1825"	1035457	1036366	314089.5	407.772237184822
"317"	29	"SMa0059"	30702	31488	314414	203.481326098074
"318"	1005	"SMa1823"	1034404	1035313	315142.5	529.649922441689
"319"	30	"SMa0060"	31487	32423	315274	258.904832544392
"320"	1004	"SMa1822"	1033277	1034189	316268	280.036355588783
"321"	31	"SMa0062"	32633	33323	316297	418.932141865415
"322"	32	"SMa0063"	33452	34187	317138.5	381.71866338756
"323"	1003	"SMa1821"	1032401	1033052	317274.5	1174.18752616465
"324"	1002	"SMa1820"	1032025	1032334	317821.5	142.474637063882
"325"	33	"SMa0064"	34189	35392	318109.5	753.479448582839
"326"	1001	"SMa1819"	1030040	1032026	318968	899.064088995566
"327"	34	"SMa0065"	35454	36147	319119.5	417.598074024223
"328"	35	"SMa0067"	36204	37167	320004.5	348.525736079958
"329"	1000	"SMa1817"	1029568	1030027	320203.5	142.729587162743
"330"	36	"SMa0070"	37352	38336	321163	155.603367008078
"331"	999	"SMa1814"	1027979	1029572	321225.5	422.510992742126
"332"	37	"SMa0072"	38332	39064	322017	242.382167867299
"333"	998	"SMa1811"	1026983	1027958	322530.5	442.162666719131
"334"	38	"SMa0074"	39071	39830	322769.5	176.865066687652
"335"	997	"SMa1809"	1026067	1026898	323518.5	903.977007415266
"336"	39	"SMa0077"	39829	40717	323592	131.66438746308
"337"	996	"SMa1808"	1025645	1026050	324153.5	206.342577802261
"338"	40	"SMa0078"	40958	41981	324788.5	1248.05406449131
"339"	995	"SMa1803"	1024492	1024900	325305	0
"340"	41	"SMa0079"	42105	42774	325758.5	146.626249687306
"341"	42	"SMa0081"	42784	43441	326431.5	185.527091456531
"342"	994	"SMa1801"	1022638	1023898	326733	0
"343"	43	"SMa0082"	43470	44286	327197	819.865303198044
"344"	993	"SMa1799"	1022069	1022585	327674	0
"345"	44	"SMa0083"	44301	45081	328010	532.642294824595
"346"	45	"SMa0085"	45098	46052	328894	580.520253983413
"347"	992	"SMa1798"	1019528	1021430	329522	472.794845790045
"348"	46	"SMa0087"	46068	46401	329553.5	224.427933191345
"349"	47	"SMa0089"	46683	47100	330210.5	1031.71288901131
"350"	48	"SMa0091"	47224	47920	330891	304.600948283691
"351"	991	"SMa1797"	1018586	1018913	331251.5	106.217367189367
"352"	49	"SMa0093"	48181	49033	331926	1842.2074623226
"353"	990	"SMa1793"	1016939	1017362	332850.5	778.016835040389
"354"	50	"SMa0095"	49083	50121	332921	2058.7522403881
"355"	989	"SMa5032"	1016373	1016556	333536.5	26.9313519829614
"356"	51	"SMa0097"	50137	51079	333927	965.914183026561
"357"	52	"SMa0101"	51261	52887	335393	6717.87613210528
"358"	988	"SMa1789"	1012464	1015821	335858.5	541.044714139118
"359"	53	"SMa0104"	52943	54536	337058.5	4285.20690663827
"360"	987	"SMa1787"	1011512	1011938	338276	652.337192549586
"361"	54	"SMa0105"	54623	55559	338410	491.255323177715
"362"	986	"SMa1784"	1011128	1011473	338700.5	227.420305643073
"363"	985	"SMa1783"	1010872	1011049	339040.5	104.733035500765
"364"	55	"SMa0106"	55564	56386	339294	412.947397099604
"365"	984	"SMa1782"	1009853	1010747	339701	490.749080431588
"366"	56	"SMa0108"	56382	57297	340158.5	661.314309698304
"367"	983	"SMa1780"	1009318	1009762	340461	1553.04129769787
"368"	982	"SMa1779"	1008863	1009310	340914.5	660.539252446486
"369"	57	"SMa0110"	57293	58256	341093.5	726.925106736758
"370"	58	"SMa5001"	58297	58612	341773.5	69.7051472159916
"371"	59	"SMa0112"	58802	59234	342337	80.7940559557664
"372"	981	"SMa1776"	1006785	1008156	342530.5	424.869468887443
"373"	980	"SMa1770"	1005926	1006100	343988	76.343732677512
"374"	60	"SMa0113"	59702	62264	344302	1233.14254839387
"375"	979	"SMa1769"	1005520	1005829	344326.5	732.024859445518
"376"	978	"SMa1767"	1005036	1005204	344881	196.516740783938
"377"	61	"SMa0114"	62291	62654	345791.5	251.359285188071
"378"	977	"SMa1766"	1003998	1004250	345877	1457.28537972434
"379"	976	"SMa1765"	1003485	1003971	346273	3114.79034011631
"380"	62	"SMa0116"	63199	64117	346977	353.730133375305
"381"	975	"SMa1761"	1001790	1003107	347552.5	1675.305215113
"382"	63	"SMa0117"	64113	64452	347601.5	116.702525273264
"383"	64	"SMa0118"	64678	65206	348261	846.841401223656
"384"	974	"SMa1760"	1000540	1001788	348837	1062.17367189367
"385"	65	"SMa0121"	65490	65658	348893	56.427976325444
"386"	66	"SMa0123"	65728	66112	349239	89.7711732765381
"387"	973	"SMa1759"	999886	1000567	349774.5	196.516740783938
"388"	67	"SMa0124"	66191	67826	350327.5	691.238034215579
"389"	972	"SMa1757"	999070	999841	350545.5	810.63155565174
"390"	68	"SMa0125"	67873	68191	351351	289.862192636926
"391"	971	"SMa1755"	997812	998865	351662.5	2412.24299297822
"392"	69	"SMa0126"	68804	69014	352228	776.241126117431
"393"	70	"SMa0128"	69134	69515	352643.5	527.767543216077
"394"	970	"SMa1754"	996634	997714	352827	1145.15599016268
"395"	71	"SMa0130"	69600	70668	353453	506.030607368049
"396"	969	"SMa1753"	995459	996638	353952.5	770.075912236641
"397"	72	"SMa0132"	70667	70955	354130	191.603822244957
"398"	73	"SMa0134"	71065	71671	354687	189.1996853284
"399"	968	"SMa1751"	994673	995456	354936.5	319.339703840996
"400"	74	"SMa5002"	71711	72026	355187.5	68.7808592773605
"401"	967	"SMa1750"	992911	994291	356400	6254.05840415217
"402"	75	"SMa0136"	72273	74286	356598.5	236.397422963844
"403"	966	"SMa1749"	991459	992359	358092	560.072711177566
"404"	76	"SMa0137"	74377	76579	358797	1807.95401512874
"405"	965	"SMa1747"	989275	991420	359653.5	305.374930710048
"406"	77	"SMa0139"	76654	76975	360133.5	468.020274387326
"407"	78	"SMa0142"	77421	78822	361440.5	1125.24023377812
"408"	964	"SMa1746"	987981	988983	361519	176.865066687652
"409"	963	"SMa1745"	986938	988039	362512.5	116.175245381648
"410"	79	"SMa0143"	78964	79507	362554.5	496.733825541509
"411"	80	"SMa0144"	79503	80289	363215	1118.6016483166
"412"	962	"SMa1742"	985904	986942	363578	95.7559181799931
"413"	81	"SMa0146"	80294	80819	363875.5	344.122830916336
"414"	961	"SMa1741"	985062	985905	364517.5	116.175245381648
"415"	82	"SMa0148"	80959	81673	364635	39.3033481627518
"416"	83	"SMa0149"	81857	82340	365417.5	510.943526085953
"417"	960	"SMa1740"	983995	985066	365470.5	225.711905301776
"418"	84	"SMa0150"	82373	83900	366455.5	377.038927816517
"419"	959	"SMa1737"	982469	983528	367002.5	95.7559181799931
"420"	958	"SMa1736"	981383	982265	368177	398.315127041361
"421"	85	"SMa0151"	83896	86626	368580	260.384681522317
"422"	957	"SMa1735"	980275	981340	369193.5	282.13988162722
"423"	86	"SMa0155"	86646	87216	370250	49.1291851810744
"424"	956	"SMa1734"	978753	979836	370706.5	167.03922966933
"425"	87	"SMa0157"	87282	88287	371103.5	216.168414850404
"426"	955	"SMa1732"	978388	978742	371436	73.6937777865218
"427"	88	"SMa0160"	88415	89090	372071.5	262.224125275152
"428"	954	"SMa1731"	976899	978369	372367	165.964636245572
"429"	89	"SMa0162"	89274	89520	372716	501.117688948348
"430"	90	"SMa0163"	89323	90724	373342.5	1228.22962997417
"431"	953	"SMa1729"	975704	976706	373796	152.610994590761
"432"	91	"SMa0164"	90720	91017	374187.5	427.909259358241
"433"	92	"SMa0166"	91038	91569	374622.5	617.388446946603
"434"	952	"SMa1727"	974625	975516	374930.5	676.276171956941
"435"	93	"SMa0168"	91652	92465	375377.5	456.901422276435
"436"	951	"SMa1726"	973913	974525	375782	607.451605773674
"437"	94	"SMa0169"	92525	93311	376237	397.946400047218
"438"	950	"SMa1725"	972774	973770	376729	564.27976325444
"439"	95	"SMa0171"	93491	94256	377192.5	293.252499374612
"440"	949	"SMa1724"	972144	972690	377584	266.321147412298
"441"	96	"SMa0172"	94472	95393	378251.5	997.322459476997
"442"	948	"SMa1720"	970631	971576	378897.5	1100.49374837813
"443"	97	"SMa0175"	95788	96871	379648.5	284.949274127765
"444"	947	"SMa1718"	968712	970515	380387.5	987.496622339393
"445"	946	"SMa1717"	967264	968665	382036.5	338.567857887677
"446"	98	"SMa0179"	98399	99317	382177	385.03795611832
"447"	99	"SMa0180"	99434	100307	383189.5	1311.74924460009
"448"	945	"SMa1715"	965404	967192	383703	690.412886698395
"449"	100	"SMa0181"	100504	100708	383925	5194.75855995701
"450"	101	"SMa0185"	100963	102508	385054.5	1631.08894844108
"451"	944	"SMa1711"	963646	964540	385908	242.382167867299
"452"	102	"SMa0187"	102648	103602	386444	486.378933391044
"453"	943	"SMa1706"	962811	963234	386978.5	1311.12062637576
"454"	103	"SMa0189"	104027	104471	387568	510.943526085953
"455"	942	"SMa1705"	961798	962215	387994.5	86.3016108372994
"456"	104	"SMa0190"	104559	105189	388193	397.946400047218
"457"	941	"SMa1704"	960492	961722	388894	353.730133375305
"458"	105	"SMa0191"	105798	106329	389382.5	474.658859848846
"459"	106	"SMa0193"	106325	106652	389807.5	147.387555573044
"460"	940	"SMa1702"	959315	959909	390389	874.499496300658
"461"	107	"SMa0196"	106948	107863	390724.5	211.255496341243
"462"	939	"SMa1700"	958959	959169	390937	53.1086835946837
"463"	108	"SMa0197"	107877	108825	391670	733.131248608585
"464"	938	"SMa1698"	957927	958383	391846	2854.72331041414
"465"	109	"SMa0198"	108821	109769	392614	484.616737716195
"466"	937	"SMa1697"	957067	957667	392634	2573.44030057115
"467"	936	"SMa1696"	955589	956786	393813.5	1105.40666679783
"468"	110	"SMa0199"	109765	111229	393816	103.171288901131
"469"	935	"SMa5033"	954758	955475	394884.5	117.910044458435
"470"	111	"SMa0203"	111287	112304	395114.5	176.549974101349
"471"	112	"SMa0204"	112577	113825	396520	441.465932541244
"472"	934	"SMa1691"	952527	953982	396746.5	481.466014971344
"473"	113	"SMa0206"	113821	114544	397501.5	292.0977598195
"474"	933	"SMa1688"	951568	951985	398224.5	240.733007455852
"475"	114	"SMa0209"	114668	115757	398531.5	318.652101600596
"476"	932	"SMa1686"	950845	951487	398835	278.82058889646
"477"	115	"SMa0210"	115851	116118	399303.5	43.1508054348963
"478"	116	"SMa0211"	116260	116455	399676.5	9.82583703919692
"479"	931	"SMa1684"	948969	950853	400090	804.948187174758
"480"	117	"SMa0214"	116672	117515	400412.5	44.2162666719131
"481"	118	"SMa0216"	117546	118287	401235.5	109.536659920128
"482"	119	"SMa0217"	118283	119363	402142	117.910044458435
"483"	930	"SMa1683"	946965	948633	402202	189.1996853284
"484"	120	"SMa0218"	119372	120323	403166.5	142.474637063882
"485"	929	"SMa1682"	945869	946883	403625	125.679642594035
"486"	121	"SMa0220"	120443	121958	404519.5	474.658859848846
"487"	928	"SMa1680"	943415	945809	405389	211.255496341243
"488"	122	"SMa0222"	122049	122778	405732.5	945.998426642
"489"	123	"SMa0223"	122851	123637	406563	375.08007792604
"490"	927	"SMa1678"	942870	943152	406990	32.916096869211
"491"	124	"SMa0224"	123588	125061	407643.5	192.51897805916
"492"	926	"SMa1677"	941156	942590	408128	781.154044537131
"493"	125	"SMa0226"	125260	126253	409075.5	71.8169386349948
"494"	925	"SMa1676"	940013	941072	409458.5	108.084207440112
"495"	924	"SMa1675"	939302	939953	410373.5	68.8245661832673
"496"	126	"SMa0228"	126419	127766	410411.5	1016.974133454
"497"	923	"SMa1674"	938992	939304	410853	39.3033481627518
"498"	922	"SMa1672"	938401	938896	411352.5	35.9084693174974
"499"	127	"SMa0229"	128084	128507	411614.5	692.721511193305
"500"	128	"SMa0232"	128726	129278	412321	398.315127041361
"501"	921	"SMa1670"	936578	937838	412793	68.7808592773605
"502"	129	"SMa0233"	129299	130691	413314	245.374540284616
"503"	920	"SMa1668"	935141	936563	414149	152.610994590761
"504"	130	"SMa0235"	131105	132884	415313.5	1400.18177794391
"505"	919	"SMa1667"	933294	934722	415993	353.099948065054
"506"	131	"SMa0237"	132892	133774	416652	598.474488624957
"507"	918	"SMa1666"	932525	933005	417236	59.8474488624957
"508"	132	"SMa0241"	133770	134754	417581	623.940651826484
"509"	917	"SMa1664"	931022	932189	418395.5	47.8779590899965
"510"	133	"SMa0244"	134948	136394	418990	750.160155852079
"511"	134	"SMa0246"	136408	137119	420082.5	475.78721851706
"512"	916	"SMa1662"	927891	931026	420542.5	230.4126780948
"513"	135	"SMa0247"	137289	138486	421206.5	1699.47787522484
"514"	136	"SMa0249"	138486	139020	422072	607.430568754322
"515"	915	"SMa1660"	926870	927455	422838.5	441.465932541244
"516"	137	"SMa0250"	139019	140297	422977	1264.65052814512
"517"	914	"SMa1658"	926259	926625	423559	122.822962997417
"518"	913	"SMa1657"	925847	926255	423950	88.4325333438262
"519"	138	"SMa0252"	140348	141353	424169.5	3778.03434019501
"520"	912	"SMa1654"	924740	925439	424911.5	638.679407383788
"521"	139	"SMa0254"	141516	142197	425175.5	1066.10331884382
"522"	911	"SMa1653"	923852	924578	425786	128.672015045763
"523"	140	"SMa0255"	142326	143304	426134	1179.10044458435
"524"	910	"SMa1652"	923064	923850	426544	169.283928976332
"525"	141	"SMa0257"	143472	145566	427838	1095.36659920128
"526"	909	"SMa1651"	921221	922799	427991	78.6066962956832
"527"	908	"SMa1650"	920272	921208	429261	293.252499374612
"528"	142	"SMa0259"	145821	146667	429563	341.130458464609
"529"	907	"SMa1649"	919370	920282	430175	197.49658122903
"530"	143	"SMa0260"	146682	148146	430733	580.876226908241
"531"	906	"SMa1647"	918385	919381	431118	335.145713561154
"532"	144	"SMa0263"	148162	149362	432081	254.351657639798
"533"	905	"SMa1646"	917366	918389	432123.5	371.760785195279
"534"	904	"SMa5010"	916664	917003	433167.5	58.9550222292175
"535"	145	"SMa0265"	149383	150388	433204.5	89.7711732765381
"536"	903	"SMa1644"	915767	916487	433874	146.048879893504
"537"	146	"SMa0267"	150482	151175	434147.5	287.267754505568
"538"	902	"SMa1643"	915331	915670	434500.5	139.410294464476
"539"	147	"SMa0270"	151171	152764	435286.5	658.321937315398
"540"	901	"SMa1641"	914012	915335	435327.5	424.869468887443
"541"	900	"SMa1639"	913724	914000	436139	167.03922966933
"542"	148	"SMa0271"	152729	153725	436546	272.182003467432
"543"	899	"SMa1637"	912619	913126	437128.5	0
"544"	149	"SMa0273"	153754	154720	437556	383.023672582329
"545"	898	"SMa1636"	911788	912589	437812.5	0
"546"	150	"SMa0275"	154840	155428	438453	556.58127423195
"547"	151	"SMa0277"	155597	155948	439091.5	280.036355588783
"548"	897	"SMa1635"	910180	910639	439591.5	359.084693174974
"549"	152	"SMa5016"	156189	156489	439658	117.910044458435
"550"	153	"SMa0279"	156799	157411	440424	59.7472690562042
"551"	154	"SMa0280"	157556	158345	441269.5	137.561718554721
"552"	896	"SMa1632"	907960	908914	441564	766.415288979827
"553"	155	"SMa0281"	158399	158804	441920.5	707.46026675061
"554"	895	"SMa1630"	907591	907912	442249.5	98.2583703919692
"555"	894	"SMa5038"	907346	907643	442506.5	93.3454518529875
"556"	156	"SMa0285"	159164	159389	442595.5	39.3033481627518
"557"	893	"SMa1629"	906812	907592	442799	216.168414850404
"558"	157	"SMa0286"	159589	160051	443139	325.290686964637
"559"	158	"SMa0287"	160061	160508	443603.5	215.450815870574
"560"	892	"SMa1626"	906012	906672	443659	83.7864284074939
"561"	159	"SMa0288"	160504	161341	444241.5	103.171288901131
"562"	891	"SMa1625"	904984	905908	444555	514.490372293036
"563"	160	"SMa0291"	161615	161984	445118.5	1258.0119426836
"564"	890	"SMa1623"	904392	904767	445421.5	0
"565"	161	"SMa0293"	162272	162668	445789	338.567857887677
"566"	889	"SMa1620"	903253	904243	446253	0
"567"	888	"SMa1619"	902342	903257	447201.5	0
"568"	162	"SMa0298"	163040	164855	447266.5	272.182003467432
"569"	887	"SMa1617"	901119	902349	448267	0
"570"	163	"SMa0299"	164857	165745	448620	59.8474488624957
"571"	886	"SMa1615"	900595	900988	449209.5	0
"572"	164	"SMa0300"	165741	166695	449537	49.1291851810744
"573"	885	"SMa1614"	899768	900599	449817.5	0
"574"	165	"SMa0301"	166691	167360	450344.5	49.1291851810744
"575"	884	"SMa1613"	899329	899647	450513	0
"576"	883	"SMa1612"	898015	899281	451353	0
"577"	166	"SMa0302"	167429	168956	451511.5	194.504208777303
"578"	882	"SMa1610"	897642	897906	452227	0
"579"	881	"SMa1608"	897346	897643	452506.5	14.7387555573044
"580"	167	"SMa0303"	169063	169942	452821.5	445.863493999785
"581"	880	"SMa1606"	895918	896896	453594	96.2594890295801
"582"	168	"SMa0306"	170034	171675	454173.5	418.932141865415
"583"	879	"SMa1604"	894830	895922	454625	53.8627039590407
"584"	878	"SMa1602"	893871	894747	455692	402.859318466918
"585"	169	"SMa0307"	172015	173002	455827.5	685.253289449767
"586"	170	"SMa0308"	173062	174022	456861	398.315127041361
"587"	877	"SMa1600"	891837	893592	457286.5	730.138875881571
"588"	171	"SMa0310"	174272	175004	457957	83.5196148346649
"589"	876	"SMa1597"	890926	891709	458683.5	835.196148346649
"590"	172	"SMa0312"	175342	175876	458928	984.490533590191
"591"	173	"SMa0314"	175872	176124	459317	417.598074024223
"592"	875	"SMa1595"	890033	890477	459746	451.988503856735
"593"	174	"SMa0316"	176206	177469	460156.5	786.066962956832
"594"	874	"SMa1594"	889136	889790	460538	24.5645925965013
"595"	873	"SMa1593"	887976	889107	461459.5	126.133123541436
"596"	175	"SMa0319"	177972	178974	461792	240.733007455852
"597"	872	"SMa1592"	887557	888271	462087	96.2594890295801
"598"	176	"SMa0320"	179118	179868	462812	128.672015045763
"599"	177	"SMa0322"	179925	180474	463518.5	83.5196148346649
"600"	178	"SMa0323"	180524	180809	463985.5	43.1508054348963
"601"	871	"SMa1591"	884132	887612	464129	448.85586638269
"602"	179	"SMa0325"	180909	181212	464379.5	80.7940559557664
"603"	180	"SMa0326"	181232	182072	464971	224.427933191345
"604"	181	"SMa0329"	182144	182906	465844	245.645925965013
"605"	182	"SMa5017"	182961	183186	466392.5	41.8932141865415
"606"	870	"SMa1589"	883251	883638	466556.5	54.0421037200561
"607"	183	"SMa0333"	183182	183395	466607.5	63.0665617869644
"608"	184	"SMa0335"	183575	184352	467282.5	92.7635457282656
"609"	185	"SMa0337"	184338	184821	467898.5	29.9237244278067
"610"	186	"SMa0339"	184846	185620	468552	122.813830843169
"611"	869	"SMa1587"	880619	882017	468683	1364.22931006792
"612"	187	"SMa0340"	185691	186300	469314.5	83.5196148346649
"613"	868	"SMa1586"	879858	880314	469915	3606.08219401448
"614"	188	"SMa0341"	186523	186718	469939.5	33.1929272426157
"615"	189	"SMa0343"	186902	187337	470438.5	41.8932141865415
"616"	190	"SMa0346"	187340	187958	470968	74.8093110523114
"617"	867	"SMa1585"	878658	878961	471191.5	1340.58285438226
"618"	191	"SMa0347"	188005	188893	471768	514.688060183052
"619"	866	"SMa1583"	876768	878538	472348	1626.17603002138
"620"	192	"SMa0349"	189201	189798	472818.5	83.5196148346649
"621"	193	"SMa0352"	189833	190730	473600.5	58.9550222292175
"622"	865	"SMa1582"	875221	876520	474130.5	497.893908639235
"623"	194	"SMa0353"	190832	191747	474608.5	371.760785195279
"624"	864	"SMa1580"	874610	875123	475134.5	128.672015045763
"625"	195	"SMa0355"	191921	192416	475487.5	773.395204967401
"626"	863	"SMa1579"	873202	874498	476151	101.740663049037
"627"	196	"SMa0357"	193271	193553	476731	201.4296592931
"628"	197	"SMa0359"	193561	193807	477003	508.70331541724
"629"	862	"SMa1578"	872430	872943	477314.5	14.9618622139034
"630"	198	"SMa0360"	193803	194493	477467	1822.69277068604
"631"	861	"SMa1576"	871596	872388	478009	41.8932141865415
"632"	860	"SMa1573"	869829	871590	479291.5	86.7788008248105
"633"	199	"SMa0364"	195081	196866	479292.5	186.690903735795
"634"	859	"SMa1572"	869407	869833	480381	68.7808592773605
"635"	200	"SMa0367"	196911	197808	480678.5	89.7711732765381
"636"	858	"SMa1570"	868892	869063	481023.5	38.9008417692249
"637"	201	"SMa0369"	197905	198172	481357.5	314.426785123092
"638"	857	"SMa1568"	867355	868849	481899	99.5787817603403
"639"	202	"SMa0372"	199104	200004	482873	982.583703919692
"640"	856	"SMa1564"	866325	867327	483175	44.2162666719131
"641"	203	"SMa0374"	200115	201048	483900.5	368.468888932609
"642"	855	"SMa1562"	865350	866316	484168	162.126311130348
"643"	204	"SMa0376"	201365	202055	485029	275.298264733069
"644"	854	"SMa1561"	864231	865296	485237.5	248.946954384604
"645"	205	"SMa5018"	202119	202407	485582	98.2583703919692
"646"	206	"SMa0380"	202406	204389	486716.5	967.844948362388
"647"	853	"SMa1558"	862095	864222	486842.5	550.596529466138
"648"	207	"SMa5019"	204549	204993	488090	29.8736345248528
"649"	852	"SMa1556"	860423	862109	488735	137.561718554721
"650"	208	"SMa0383"	204989	206588	489107.5	175.922514437852
"651"	851	"SMa1554"	859822	860491	489844.5	83.5196148346649
"652"	850	"SMa1552"	858464	859826	490856	206.473698549802
"653"	209	"SMa0384"	207585	208788	491505.5	0
"654"	849	"SMa1550"	857627	858311	492032	540.421037200561
"655"	210	"SMa0387"	209019	210132	492894.5	1340.58285438226
"656"	211	"SMa0389"	210262	211030	493965	687.093593967635
"657"	848	"SMa1548"	854221	857437	494172	664.306682425318
"658"	212	"SMa0391"	211335	212469	495221	845.021985186049
"659"	847	"SMa1547"	853408	854080	496257	806.588132275003
"660"	213	"SMa0392"	212502	213618	496379	1745.94797345548
"661"	846	"SMa1545"	852613	853114	497137.5	820.457392789344
"662"	214	"SMa0394"	213682	214627	497473.5	438.146639810484
"663"	845	"SMa1544"	852311	852614	497538.5	255.471763013156
"664"	215	"SMa0396"	214623	215424	498342.5	299.237244278067
"665"	844	"SMa1541"	850843	852307	498426	242.308368923084
"666"	843	"SMa1539"	850565	850880	499278.5	50.870331541724
"667"	216	"SMa0398"	215420	216791	499424.5	1140.09390059827
"668"	842	"SMa1538"	848839	850600	500281.5	206.473698549802
"669"	217	"SMa0400"	216794	217808	500620	906.688850258206
"670"	218	"SMa0402"	217870	218602	501555	295.417052517767
"671"	841	"SMa1536"	847357	848833	501906	128.672015045763
"672"	219	"SMa0403"	218549	219938	502562.5	657.219959715726
"673"	840	"SMa1535"	845921	847361	503360	175.922514437852
"674"	220	"SMa0404"	219939	221085	503831	269.313519829614
"675"	839	"SMa1533"	845340	845706	504478	746.763615002822
"676"	221	"SMa0405"	221437	221725	504900	4.91291851810744
"677"	838	"SMa1532"	844849	845353	504900	595.482116242051
"678"	837	"SMa1531"	844304	844853	505422.5	353.099948065054
"679"	222	"SMa0407"	222077	222866	505790.5	368.468888932609
"680"	836	"SMa1529"	843073	844288	506320.5	302.229616695384
"681"	835	"SMa1526"	842548	843055	507199.5	73.6937777865218
"682"	223	"SMa0412"	223860	224175	507336.5	456.901422276435
"683"	834	"SMa1525"	841279	842545	508089	206.473698549802
"684"	224	"SMa0414"	224804	226475	508958.5	173.557601684032
"685"	833	"SMa1523"	838688	841250	510032	334.0784593983
"686"	225	"SMa0417"	226535	227393	510283	58.9550222292175
"687"	226	"SMa5020"	227424	228318	511190	54.0421037200561
"688"	832	"SMa1521"	838160	838601	511620.5	199.157563520681
"689"	227	"SMa0421"	228305	228824	511883.5	32.916096869211
"690"	831	"SMa1519"	837550	838117	512167.5	565.558391724776
"691"	228	"SMa5021"	228820	229255	512356.5	34.3904296237701
"692"	830	"SMa1516"	836494	837481	513013.5	212.434734411228
"693"	229	"SMa0424"	229289	230330	513128.5	245.627661653844
"694"	829	"SMa1515"	835949	836141	513956	284.949274127765
"695"	230	"SMa0426"	230326	231133	514048.5	185.88039259764
"696"	828	"SMa1514"	834983	835904	514557.5	813.226717736523
"697"	231	"SMa0429"	231426	232443	515253.5	1036.62580772921
"698"	827	"SMa1513"	833961	834984	515528.5	810.63155565174
"699"	232	"SMa0431"	232435	233029	516051	776.241126117431
"700"	826	"SMa1509"	832400	833936	516833	1709.43575341712
"701"	233	"SMa0433"	233559	234030	517113.5	119.494538112408
"702"	234	"SMa0436"	234247	234631	517758	63.0665617869644
"703"	825	"SMa1507"	831221	832316	518232.5	3412.23292202258
"704"	824	"SMa1505"	830382	831168	519226	2529.30105661516
"705"	235	"SMa5022"	236015	236381	519517	116.175245381648
"706"	236	"SMa5023"	236377	236794	519904.5	63.8679407383788
"707"	823	"SMa1503"	829299	830166	520268.5	1508.26598556295
"708"	237	"SMa0444"	236877	237708	520611.5	9.82583703919692
"709"	822	"SMa1501"	828354	829269	521189.5	1241.41547902979
"710"	238	"SMa0445"	237704	238097	521219.5	0
"711"	239	"SMa0447"	238527	239649	522407	444.785225272004
"712"	821	"SMa1500"	826563	828330	522554.5	2678.66922917444
"713"	240	"SMa0448"	240024	240435	523548.5	122.813830843169
"714"	820	"SMa1497"	825905	826553	523772	1165.07174654724
"715"	241	"SMa0450"	240984	241272	524447	47.8779590899965
"716"	819	"SMa1495"	824591	825704	524853.5	805.71863723204
"717"	818	"SMa1494"	823722	824163	526058.5	368.441492464519
"718"	242	"SMa0453"	243154	243562	526677	1048.89650097063
"719"	817	"SMa1493"	822712	823636	526827	647.262081523445
"720"	816	"SMa1491"	822088	822553	527680.5	39.3033481627518
"721"	815	"SMa1488"	819848	822092	529031	236.397422963844
"722"	243	"SMa0461"	245115	246318	529035.5	0
"723"	814	"SMa1487"	819483	819852	530333.5	39.8315127041361
"724"	244	"SMa0462"	246385	248227	530625	753.479448582839
"725"	813	"SMa1485"	817965	819255	531391	63.8679407383788
"726"	812	"SMa5009"	817618	817969	532207.5	79.6630254082722
"727"	245	"SMa0464"	248441	251618	533348.5	690.412886698395
"728"	811	"SMa1483"	815137	817558	533653.5	437.249748299431
"729"	810	"SMa1480"	814014	814902	535543	682.895674055701
"730"	246	"SMa0466"	252020	253625	536141.5	943.28035566748
"731"	809	"SMa1478"	812254	813790	536979	358.643051795005
"732"	247	"SMa0467"	253862	254879	537689.5	189.1996853284
"733"	808	"SMa1476"	811254	812211	538268.5	287.267754505568
"734"	248	"SMa0469"	254920	255718	538638	181.777985226634
"735"	807	"SMa1473"	809858	811163	539490.5	215.754027141988
"736"	249	"SMa0470"	255726	257562	539963	211.255496341243
"737"	806	"SMa1471"	809178	809859	540482.5	127.735881506578
"738"	805	"SMa1467"	808365	809028	541304.5	108.084207440112
"739"	250	"SMa0471"	258224	258533	541697.5	1011.42188572456
"740"	251	"SMa0473"	258529	258823	541995	604.459233390768
"741"	804	"SMa1466"	807253	808369	542190	358.643051795005
"742"	252	"SMa0475"	259011	259911	542780	0
"743"	803	"SMa1465"	806501	807257	543122	647.262081523445
"744"	253	"SMa0476"	259995	260349	543491	0
"745"	802	"SMa1462"	805587	806478	543968.5	299.237244278067
"746"	254	"SMa0478"	260763	261969	544685	116.702525273264
"747"	801	"SMa1461"	804336	805461	545102.5	196.516740783938
"748"	255	"SMa5024"	262377	262674	545844.5	26.5543418005912
"749"	800	"SMa1459"	803335	804340	546163.5	233.405050512117
"750"	799	"SMa1456"	802838	803228	546968	1895.31614601476
"751"	256	"SMa0483"	263505	264432	547287.5	251.359285188071
"752"	798	"SMa1455"	802323	802842	547418.5	1297.01048904278
"753"	797	"SMa1454"	801298	802342	548181	592.489743515036
"754"	257	"SMa0485"	264484	265939	548530.5	658.331081658996
"755"	796	"SMa1452"	800409	801177	549208	13790.5622841118
"756"	258	"SMa0486"	266003	266954	549797.5	224.427933191345
"757"	795	"SMa1450"	799194	800385	550211.5	13838.1313708193
"758"	259	"SMa0489"	267101	267869	550804	393.033481627518
"759"	260	"SMa0492"	267880	268564	551541	169.283928976332
"760"	794	"SMa1447"	797392	798706	551952	3017.23708706212
"761"	261	"SMa0493"	268560	269259	552228.5	442.162666719131
"762"	262	"SMa0495"	269298	270117	553026.5	514.490372293036
"763"	793	"SMa1445"	796349	797222	553215.5	152.300474112025
"764"	263	"SMa0496"	270310	270979	553963.5	628.853570544388
"765"	792	"SMa1442"	795333	796098	554285.5	730.244399467518
"766"	264	"SMa0498"	271056	271956	554825	712.184641240028
"767"	791	"SMa1440"	794367	795273	555181	806.588132275003
"768"	265	"SMa0499"	272058	272691	555693.5	278.290637150386
"769"	266	"SMa0501"	272733	273420	556395.5	132.648800015739
"770"	790	"SMa1438"	792784	794293	556462.5	487.936030446955
"771"	267	"SMa0503"	273421	274078	557068.5	83.7864284074939
"772"	789	"SMa1437"	791792	792707	557751.5	158.595739459805
"773"	268	"SMa0506"	274135	274933	557853	298.736345248528
"774"	269	"SMa0508"	274982	275714	558667	225.994251898547
"775"	788	"SMa1435"	790862	791780	558680	142.729587162743
"776"	270	"SMa0510"	275786	276734	559579	134.656759914807
"777"	787	"SMa1434"	789213	790866	559961.5	377.038927816517
"778"	271	"SMa0512"	276744	277776	560579	132.648800015739
"779"	786	"SMa1431"	788522	789041	561219.5	14.7387555573044
"780"	272	"SMa0513"	277845	278601	561542	92.7635457282656
"781"	785	"SMa1430"	787458	788475	562034.5	418.230883425922
"782"	273	"SMa0514"	278602	279121	562180.5	68.7808592773605
"783"	784	"SMa1428"	786797	787457	562874	958.019111224784
"784"	274	"SMa0516"	279117	280005	562880	122.687270142308
"785"	275	"SMa0518"	280001	280334	563486.5	95.7559181799931
"786"	783	"SMa1427"	785429	786548	564012.5	260.384681522317
"787"	276	"SMa0520"	280692	281535	564432.5	2008.17209853567
"788"	782	"SMa1424"	784389	785355	565129	167.03922966933
"789"	277	"SMa0522"	281663	282392	565346.5	222.392612571016
"790"	278	"SMa0523"	282372	282777	565893.5	99.5787817603403
"791"	781	"SMa1421"	782867	784379	566378	232.350490763296
"792"	279	"SMa0525"	282773	284579	566995	83.5196148346649
"793"	780	"SMa1418"	781918	782860	567612	152.610994590761
"794"	280	"SMa0526"	284575	285622	568417.5	116.702525273264
"795"	779	"SMa1417"	780874	781900	568614	212.434734411228
"796"	281	"SMa0527"	285618	286218	569237	56.8550764107682
"797"	778	"SMa1415"	779215	780712	570037.5	186.690903735795
"798"	282	"SMa5025"	286918	287350	570453	99.5787817603403
"799"	283	"SMa0535"	287401	287641	570840	116.702525273264
"800"	284	"SMa0537"	287922	288336	571448	209.115441680468
"801"	777	"SMa1414"	777620	779216	571583	233.405050512117
"802"	285	"SMa0538"	288340	288703	571840.5	559.573646614855
"803"	776	"SMa1413"	777117	777393	572746	1459.13680017313
"804"	286	"SMa0541"	289832	290228	573349	16.5964636245572
"805"	775	"SMa1410"	775887	776721	573697	230.4126780948
"806"	287	"SMa0543"	290366	290957	573980.5	134.656759914807
"807"	288	"SMa0545"	291197	291638	574736.5	933.454518529875
"808"	774	"SMa1409"	774203	775775	575012	481.466014971344
"809"	289	"SMa0548"	291637	291877	575076	741.850696284919
"810"	773	"SMa1408"	773436	774207	576179.5	192.51897805916
"811"	290	"SMa0551"	292216	293509	576181.5	89.7711732765381
"812"	291	"SMa0552"	293601	294093	577166	19.6516740783938
"813"	772	"SMa1406"	772164	773424	577207	270.21051857046
"814"	292	"SMa0554"	294070	294868	577788	278.82058889646
"815"	771	"SMa1403"	771033	772050	578459.5	260.336402508843
"816"	293	"SMa0557"	295586	296474	579349	275.123437079622
"817"	770	"SMa1400"	769731	770874	579698.5	302.229616695384
"818"	294	"SMa0558"	296597	296990	580112.5	38.9008417692249
"819"	769	"SMa1398"	768955	769735	580656	242.308368923084
"820"	295	"SMa0559"	297047	297791	580738	101.740663049037
"821"	296	"SMa0561"	297934	298318	581445	26.5543418005912
"822"	768	"SMa1397"	767798	768947	581628.5	288.77846708874
"823"	297	"SMa0563"	298328	299318	582142	86.7788008248105
"824"	767	"SMa1394"	766939	767797	582633	294.775111146087
"825"	298	"SMa0564"	299383	300487	583254	242.308368923084
"826"	766	"SMa1391"	766173	766923	583453	13.2771709002956
"827"	299	"SMa5026"	300570	301050	584129	73.6937777865218
"828"	765	"SMa1389"	765127	766057	584409	26.9313519829614
"829"	300	"SMa0567"	301203	301761	584801	108.084207440112
"830"	764	"SMa1387"	764197	765112	585346.5	400.977907223872
"831"	301	"SMa0570"	301876	303766	586140	1609.85697181925
"832"	763	"SMa1386"	762865	763846	586645.5	170.565229232304
"833"	762	"SMa5031"	762611	762869	587261	56.427976325444
"834"	302	"SMa0572"	304556	304880	588037	1924.09548074858
"835"	761	"SMa1381"	761266	762625	588055.5	275.298264733069
"836"	303	"SMa0574"	305127	305841	588803	733.563692198278
"837"	304	"SMa0575"	305891	306179	589354	9.95787817603403
"838"	760	"SMa1379"	759690	761166	589573	471.64017783374
"839"	305	"SMa0576"	306247	307339	590112	544.611784700327
"840"	759	"SMa1377"	758106	759522	591187	461.381688925805
"841"	306	"SMa0579"	307529	309989	592078	358.483614272239
"842"	758	"SMa1375"	756592	758077	592666.5	902.847621142117
"843"	757	"SMa1373"	755593	756514	593947.5	363.555970512909
"844"	307	"SMa0581"	310424	311225	594143.5	79.6630254082722
"845"	756	"SMa1374"	754634	755594	594887	347.115203299242
"846"	308	"SMa0583"	311238	312132	595004	56.8550764107682
"847"	755	"SMa1371"	753651	754632	595859.5	397.985534840966
"848"	309	"SMa0585"	312194	313487	596159.5	54.0421037200561
"849"	754	"SMa1370"	752671	753655	596838	311.206734050567
"850"	753	"SMa1368"	751946	752672	597692	211.255496341243
"851"	310	"SMa0590"	314304	314763	597852.5	9.82583703919692
"852"	311	"SMa0591"	314791	314986	598207.5	9.95787817603403
"853"	752	"SMa1367"	751180	751939	598441.5	348.525736079958
"854"	751	"SMa1365"	750651	751026	599162.5	53.8627039590407
"855"	312	"SMa0592"	315279	316452	599184.5	958.019111224784
"856"	750	"SMa5008"	750237	750459	599653	44.885586638269
"857"	313	"SMa0594"	316427	317459	600262	746.763615002822
"858"	749	"SMa1364"	748747	749968	600643.5	106.217367189367
"859"	748	"SMa1363"	747595	748684	601861.5	196.516740783938
"860"	314	"SMa0599"	318077	319409	602062	197.49658122903
"861"	747	"SMa1362"	746198	747599	603102.5	383.207644489914
"862"	315	"SMa0601"	319552	321799	603994.5	526.657550058784
"863"	746	"SMa1361"	745607	745790	604302.5	50.870331541724
"864"	745	"SMa1358"	744912	745287	604901.5	167.03922966933
"865"	744	"SMa1356"	743343	744546	606056.5	2.99237244140424
"866"	316	"SMa0604"	322420	323233	606145.5	161.588111911533
"867"	317	"SMa0606"	323229	323565	606716	62.8398212798123
"868"	743	"SMa1355"	742431	743280	607145.5	1144.71001505004
"869"	318	"SMa0607"	323617	325168	607711.5	466.810101024233
"870"	742	"SMa1354"	741257	742109	608318	432.336829581527
"871"	319	"SMa0609"	325225	325801	608832	211.255496341243
"872"	741	"SMa1353"	740056	740944	609501	957.559181799931
"873"	320	"SMa0610"	325806	326667	609555.5	161.588111911533
"874"	740	"SMa1351"	738838	740047	610558.5	789.986324916121
"875"	321	"SMa0612"	326971	328627	611118	1261.33123541436
"876"	739	"SMa1349"	738143	738836	611511.5	809.907425005763
"877"	322	"SMa0615"	328631	329384	612326.5	348.525736079958
"878"	738	"SMa1347"	737143	738118	612370.5	564.985629597266
"879"	323	"SMa0616"	329406	329577	612810.5	110.717780369809
"880"	324	"SMa0617"	329567	330449	613327	309.513866703392
"881"	737	"SMa1345"	735958	737035	613504.5	468.020274387326
"882"	325	"SMa0620"	330667	331474	614389.5	206.342577802261
"883"	736	"SMa1344"	734849	735959	614597	260.336402508843
"884"	735	"SMa1341"	733693	734653	615828	235.669783494056
"885"	326	"SMa0621"	331476	333744	615929	368.468888932609
"886"	734	"SMa1339"	732786	733692	616762	167.03922966933
"887"	327	"SMa0622"	333740	334001	617189.5	76.343732677512
"888"	328	"SMa0625"	334432	334594	617832	9.95787817603403
"889"	733	"SMa1337"	731336	732644	618011	670.29142719113
"890"	329	"SMa0626"	335116	336379	619066.5	152.610994590761
"891"	732	"SMa5030"	730315	730981	619353	400.977907223872
"892"	731	"SMa1334"	729037	730234	620365.5	131.66438746308
"893"	330	"SMa0627"	336765	337464	620433.5	162.126311130348
"894"	331	"SMa0629"	337731	338109	621239	71.8169386349948
"895"	730	"SMa1332"	728183	729026	621396.5	137.561718554721
"896"	729	"SMa1331"	727740	728154	622054	78.6066962956832
"897"	332	"SMa0630"	338132	339704	622237	486.378933391044
"898"	728	"SMa1329"	726443	727706	622926.5	250.558844474174
"899"	333	"SMa0631"	339651	340218	623253.5	315.332808869836
"900"	334	"SMa0633"	340396	340783	623908.5	902.847621142117
"901"	727	"SMa1328"	724532	725855	624807.5	245.645925965013
"902"	335	"SMa0636"	341498	342152	625144	3252.90686964637
"903"	336	"SMa0637"	342591	342981	626105	29.9237244278067
"904"	337	"SMa0638"	342977	343235	626425	14.7387555573044
"905"	726	"SMa1327"	723086	723935	626490.5	318.652101600596
"906"	338	"SMa0639"	343639	344044	627160.5	26.5543418005912
"907"	725	"SMa1326"	722389	723037	627288	255.585539846125
"908"	339	"SMa0640"	344134	344554	627663	6.63858545177246
"909"	724	"SMa1325"	722064	722316	627811	59.7472690562042
"910"	723	"SMa1323"	721435	721804	628381.5	592.489743515036
"911"	340	"SMa0643"	345406	345667	628855.5	58.9550222292175
"912"	722	"SMa1322"	720820	721339	628921.5	107.725407952492
"913"	341	"SMa0645"	345683	345992	629156.5	89.7711732765381
"914"	721	"SMa1321"	720145	720817	629520	62.8398212798123
"915"	342	"SMa0647"	346109	346361	629554	62.8398212798123
"916"	343	"SMa0649"	346341	346659	629819	53.8627039590407
"917"	720	"SMa1319"	719849	720149	630002	33.1929272426157
"918"	719	"SMa1318"	719503	719845	630327	44.2162666719131
"919"	344	"SMa5027"	347248	347851	630868.5	23.9389795415572
"920"	718	"SMa1315"	717132	719511	631679.5	212.458443418846
"921"	345	"SMa0656"	348247	349249	632067	3.31929272426157
"922"	346	"SMa0657"	349399	349597	632817	4.91291851810744
"923"	347	"SMa0659"	349622	350021	633140.5	34.3904296237701
"924"	717	"SMa1313"	716431	717133	633219	78.6066962956832
"925"	348	"SMa0661"	350387	350867	633946	137.561718554721
"926"	716	"SMa1311"	715260	716202	634270	104.733035500765
"927"	349	"SMa0662"	350924	351560	634561	82.9823181390324
"928"	715	"SMa1310"	714949	715264	634894.5	29.8736345248528
"929"	350	"SMa0663"	351674	351944	635128	14.7387555573044
"930"	714	"SMa1308"	714273	714945	635392	58.9550222292175
"931"	713	"SMa1306"	713419	714274	636154.5	147.387555573044
"932"	351	"SMa0664"	352084	353842	636282	471.339567118086
"933"	712	"SMa1303"	712237	713410	637177.5	152.687465355024
"934"	352	"SMa0665"	353875	355030	637771.5	162.126311130348
"935"	711	"SMa1302"	711237	712227	638269	182.56109986688
"936"	353	"SMa0667"	355527	356016	639090.5	504.532494100756
"937"	710	"SMa1301"	709699	710926	639688.5	320.183851371338
"938"	354	"SMa0669"	356019	357249	639953	780.033790428921
"939"	709	"SMa1299"	709053	709665	640642	78.6066962956832
"940"	355	"SMa0670"	357358	358213	641104.5	607.451605773674
"941"	708	"SMa1297"	708124	708802	641538	1188.92628172195
"942"	707	"SMa1296"	706854	707877	642635.5	11963.5050242922
"943"	356	"SMa0673"	358809	360012	642729.5	0
"944"	357	"SMa0674"	360004	360349	643495.5	79.6630254082722
"945"	706	"SMa1294"	705912	706359	643865.5	270.21051857046
"946"	358	"SMa0675"	360345	361491	644237	101.740663049037
"947"	705	"SMa1292"	704980	705916	644553	305.374930710048
"948"	359	"SMa0677"	361695	362637	645485	350.107575682148
"949"	704	"SMa1291"	703996	704974	645516	275.298264733069
"950"	703	"SMa1289"	703499	704006	646248.5	173.557601684032
"951"	360	"SMa0678"	362666	364025	646664.5	181.777985226634
"952"	702	"SMa1288"	701870	703322	647405	702.547348330909
"953"	701	"SMa1285"	701271	701874	648428.5	227.420305643073
"954"	361	"SMa0680"	364052	366401	648545.5	1085.408721009
"955"	700	"SMa1283"	700219	700906	649438.5	2264.85543740517
"956"	699	"SMa1279"	698967	699534	650750.5	326.168596240382
"957"	362	"SMa0682"	366402	368673	650856.5	2420.82930594598
"958"	698	"SMa1276"	698056	698509	651718.5	211.255496341243
"959"	697	"SMa1273"	696685	698032	652642.5	633.766488964088
"960"	363	"SMa0683"	368878	369805	652660.5	63.8679407383788
"961"	696	"SMa1272"	695807	696626	653784.5	284.275382053841
"962"	364	"SMa0684"	369950	371276	653932	464.700981656565
"963"	695	"SMa1269"	693907	695803	655146	568.550764107682
"964"	365	"SMa0687"	371789	372296	655361.5	311.206734050567
"965"	366	"SMa0689"	372484	373435	656278.5	564.985629597266
"966"	694	"SMa1266"	692475	693828	656849.5	9079.07342329949
"967"	367	"SMa0690"	373455	374856	657474.5	1191.62608839332
"968"	693	"SMa1264"	691494	692028	658240	185.527091456531
"969"	692	"SMa1262"	690308	691118	659288	112.855952650888
"970"	368	"SMa0693"	375707	376937	659641	2303.5891512484
"971"	691	"SMa1261"	689634	689952	660208	1514.14045603188
"972"	369	"SMa0695"	376972	377977	660793.5	1611.43727446408
"973"	690	"SMa1259"	688230	689589	661091.5	2947.48685600476
"974"	370	"SMa0697"	377979	378954	661785.5	1129.97125949274
"975"	689	"SMa1256"	687696	688227	662039.5	688.245661832673
"976"	688	"SMa1255"	687398	687710	662447	334.0784593983
"977"	371	"SMa0699"	379172	379643	662726.5	338.138086012881
"978"	687	"SMa1253"	686449	686719	663417	149.368172624264
"979"	372	"SMa0702"	380048	380483	663584.5	16.5964636245572
"980"	686	"SMa1252"	685124	686336	664271	2243.84188209472
"981"	373	"SMa0705"	380965	381907	664755	56.8550764107682
"982"	685	"SMa1250"	683748	684879	665687.5	2057.96148949708
"983"	374	"SMa0707"	381958	382921	665758.5	192.51897805916
"984"	684	"SMa1247"	682735	683650	666808.5	371.054183050706
"985"	375	"SMa0708"	382917	384087	666821	338.567857887677
"986"	376	"SMa0709"	384119	385385	668071	309.513866703392
"987"	683	"SMa1245"	681463	682111	668214	1041.53872614891
"988"	682	"SMa1243"	680909	681353	668870	17177.3398508155
"989"	377	"SMa0710"	385359	386373	669185	182.534719004804
"990"	681	"SMa1241"	680464	680650	669444	939.604947158387
"991"	680	"SMa1240"	679956	680457	669794.5	867.788008248105
"992"	378	"SMa0711"	386384	387215	670118.5	147.387555573044
"993"	679	"SMa1239"	679676	679964	670181	388.357248849081
"994"	379	"SMa0713"	387216	387810	670832	182.534719004804
"995"	380	"SMa0714"	387806	388304	671374	106.217367189367
"996"	678	"SMa1236"	677197	679702	671551.5	2770.88604477322
"997"	381	"SMa0715"	388305	389286	672114.5	221.081333359565
"998"	677	"SMa1233"	676724	677228	673025	365.122199733759
"999"	382	"SMa0717"	389264	390974	673438	948.582064307105
"1000"	676	"SMa1232"	676019	676721	673631	1511.14808364897
"1001"	675	"SMa1231"	675131	675956	674457.5	20997.8457783967
"1002"	383	"SMa0719"	391031	391751	674710	326.168596240382
"1003"	384	"SMa0722"	391849	392461	675474	79.6630254082722
"1004"	674	"SMa1229"	673380	674898	675862	3488.57665450514
"1005"	385	"SMa0723"	392498	393287	676211.5	92.9401962988199
"1006"	673	"SMa1227"	672773	673388	676920.5	2048.0036113048
"1007"	386	"SMa0726"	393876	394269	677391.5	34.3904296237701
"1008"	387	"SMa0728"	394690	394891	678109.5	73.0244399467518
"1009"	388	"SMa0731"	395231	395579	678724	44.885586638269
"1010"	389	"SMa0734"	395774	396098	679255	82.9823181390324
"1011"	390	"SMa0736"	396112	396385	679567.5	438.146639810484
"1012"	391	"SMa0738"	396649	396853	680070	2211.36323501327
"1013"	392	"SMa0739"	396953	397382	680486.5	83.5196148346649
"1014"	393	"SMa0740"	397664	398045	681173.5	23.9389795415572
"1015"	394	"SMa0742"	398182	398623	681721.5	73.0244399467518
"1016"	395	"SMa0744"	399042	400680	683180	251.359285188071
"1017"	396	"SMa0745"	400755	401052	684222.5	215.450815870574
"1018"	397	"SMa0747"	401606	401768	685006	5.98474488624957
"1019"	398	"SMa0748"	402137	402587	685681	442.162666719131
"1020"	399	"SMa5003"	402819	403107	686282	203.481326098074
"1021"	400	"SMa0750"	403177	404056	686935.5	447.075585138831
"1022"	401	"SMa0751"	404203	405442	688141.5	142.474637063882
"1023"	402	"SMa0752"	405446	406508	689296	122.822962997417
"1024"	403	"SMa0753"	406803	407496	690468.5	19.9157563520681
"1025"	404	"SMa0754"	407779	408106	691261.5	26.9313519829614
"1026"	405	"SMa0757"	409253	410186	693038.5	792.978697299027
"1027"	406	"SMa0758"	411106	411682	694713	26.9313519829614
"1028"	407	"SMa0759"	411912	412314	695432	34.3904296237701
"1029"	408	"SMa0760"	412362	412710	695855	743.521570390559
"1030"	409	"SMa0762"	412789	413425	696426	3232.9911142366
"1031"	410	"SMa0763"	413436	414084	697079	11402.8838838285
"1032"	411	"SMa0765"	414186	415806	698315	5045.56731812318
"1033"	412	"SMa0766"	415817	416549	699502	1508.26598556295
"1034"	413	"SMa0767"	416560	416713	699955.5	411.592297964402
"1035"	414	"SMa0769"	416716	417580	700467	1706.11646068636
"1036"	415	"SMa0771"	417768	418242	701324	205.796148949708
"1037"	416	"SMa0772"	418344	418896	701939	206.342577802261
"1038"	417	"SMa0773"	419283	420714	703317.5	412.947397099604
"1039"	418	"SMa0774"	420720	422382	704870	637.375330290949
"1040"	419	"SMa0775"	422707	423034	706189.5	280.036355588783
"1041"	420	"SMa0776"	423439	424177	707127	20.9466071001529
"1042"	421	"SMa0779"	424189	425086	707956.5	5.98474488624957
"1043"	422	"SMa5028"	424903	425281	708411	0
"1044"	423	"SMa0781"	425461	425911	709005	0
"1045"	424	"SMa0783"	425933	426203	709387	0
"1046"	425	"SMa0785"	426192	428277	710553.5	5.98474488624957
"1047"	426	"SMa0787"	428238	429057	711966.5	13.2771709002956
"1048"	427	"SMa0789"	429440	430136	713107	1930.08022551439
"1049"	428	"SMa0791"	430598	431201	714218.5	348.817214955605
"1050"	429	"SMa0792"	431219	432053	714955	284.949274127765
"1051"	430	"SMa0793"	432049	432985	715836	252.266247115364
"1052"	431	"SMa0794"	432981	434022	716820.5	305.221989147112
"1053"	432	"SMa0796"	434027	435491	718078	345.206443349198
"1054"	433	"SMa0797"	435496	435823	718978.5	76.343732677512
"1055"	434	"SMa0799"	435860	436871	719684.5	293.252499374612
"1056"	435	"SMa0800"	436963	437839	720720	189.1996853284
"1057"	436	"SMa0802"	437840	438641	721559.5	101.740663049037
"1058"	437	"SMa0803"	438637	439717	722496	265.543418005912
"1059"	438	"SMa0805"	439798	441271	723853.5	490.749080431588
"1060"	439	"SMa0806"	441630	442086	725177	1464.04971889104
"1061"	440	"SMa0809"	442328	442967	725966.5	2014.296592931
"1062"	441	"SMa0810"	443586	443793	727008.5	175.922514437852
"1063"	442	"SMa0811"	443980	444175	727396.5	199.157563520681
"1064"	443	"SMa0814"	444205	445678	728260.5	1423.97657922161
"1065"	444	"SMa0815"	445894	447520	730026	16571.7585868765
"1066"	445	"SMa0816"	447739	448036	731206.5	245.627661653844
"1067"	446	"SMa0817"	448048	449356	732021	417.598074024223
"1068"	447	"SMa0819"	449367	450429	733217	139.410294464476
"1069"	448	"SMa0822"	450460	451339	734218.5	74.8093110523114
"1070"	449	"SMa0824"	452857	453325	736410	110.717780369809
"1071"	450	"SMa0825"	453555	454449	737321	167.03922966933
"1072"	451	"SMa0827"	454548	456051	738618.5	368.061810323691
"1073"	452	"SMa0829"	456141	457683	740231	411.592297964402
"1074"	453	"SMa0830"	457736	459167	741770.5	252.266247115364
"1075"	454	"SMa0831"	459662	460163	743231.5	136.091001733716
"1076"	455	"SMa0833"	460705	460846	744094.5	11.969489769058
"1077"	456	"SMa0834"	460842	461160	744320	34.3904296237701
"1078"	457	"SMa5036"	461131	461632	744700.5	63.8679407383788
"1079"	458	"SMa0835"	461769	462060	745233.5	78.6066962956832
"1080"	459	"SMa0838"	462210	462456	745652	46.4700981656565
"1081"	460	"SMa0840"	462750	463692	746540	142.729587162743
"1082"	461	"SMa0841"	464352	464802	747896	14.9618622139034
"1083"	462	"SMa5004"	464810	465101	748274.5	2.99237244140424
"1084"	463	"SMa5029"	465165	465342	748572.5	11.969489769058
"1085"	464	"SMa0846"	465362	465620	748810	32.916096869211
"1086"	465	"SMa0848"	465943	466360	749470.5	363.555970512909
"1087"	466	"SMa0849"	466417	467398	750226.5	560.072711177566
"1088"	467	"SMa0850"	467699	468065	751201	182.534719004804
"1089"	468	"SMa0851"	468198	468942	751889	688.245661832673
"1090"	469	"SMa0852"	469630	469912	753090	59.7472690562042
"1091"	470	"SMa0853"	469912	471121	753835.5	200.488953646347
"1092"	471	"SMa0854"	471614	472352	755302	616.4287232665
"1093"	472	"SMa0855"	472763	473663	756532	35.9084693174974
"1094"	473	"SMa0857"	473662	475588	757944	86.3016108372994
"1095"	474	"SMa0861"	475958	476840	759718	1394.10294464476
"1096"	475	"SMa0863"	477141	477930	760854.5	199.157563520681
"1097"	476	"SMa0864"	477933	479001	761786	205.796148949708
"1098"	477	"SMa0866"	479008	480289	762967.5	315.332808869836
"1099"	478	"SMa0868"	480303	480957	763949	162.645343514811
"1100"	479	"SMa0869"	480953	481544	764567.5	155.603367008078
"1101"	480	"SMa0870"	481809	482736	765591.5	530.595200062957
"1102"	481	"SMa0872"	483423	483756	766908.5	186.690903735795
"1103"	482	"SMa0873"	483755	485081	767737	643.592326101692
"1104"	483	"SMa0874"	485168	485654	768730	137.561718554721
"1105"	484	"SMa0875"	485660	488858	770578	628.398212798123
"1106"	485	"SMa0876"	488861	489965	772732	205.796148949708
"1107"	486	"SMa0878"	490022	491849	774254.5	19.9157563520681
"1108"	487	"SMa0882"	492522	493113	776136.5	104.733035500765
"1109"	488	"SMa0883"	493137	493668	776721.5	164.580484328849
"1110"	489	"SMa0886"	493800	494535	777486.5	137.561718554721
"1111"	490	"SMa5005"	494138	494702	777739	78.6066962956832
"1112"	491	"SMa0887"	494567	495134	778169.5	54.0421037200561
"1113"	492	"SMa0888"	495195	496014	778923.5	230.4126780948
"1114"	493	"SMa0890"	495967	497392	779998.5	414.911590695162
"1115"	494	"SMa0892"	497391	500655	782342	362.07706555788
"1116"	495	"SMa0894"	500771	501068	784238.5	14.9618622139034
"1117"	496	"SMa0896"	501234	501954	784913	451.848238765596
"1118"	497	"SMa0900"	502544	503021	786101.5	29.9237244278067
"1119"	498	"SMa0903"	503166	504357	787080.5	262.224125275152
"1120"	499	"SMa0905"	504446	504848	787966	116.175245381648
"1121"	500	"SMa0907"	504975	506214	788913.5	202.476856218948
"1122"	501	"SMa0909"	506548	507442	790314	80.7940559557664
"1123"	502	"SMa0911"	507447	508479	791282	11.969489769058
"1124"	503	"SMa0914"	508806	509748	792596	20.9466071001529
"1125"	504	"SMa0917"	509884	510211	793366.5	23.2350490763296
"1126"	505	"SMa5006"	510777	511137	794276	1585.95739459805
"1127"	506	"SMa0922"	511756	512080	795237	34.3904296237701
"1128"	507	"SMa0929"	513087	515007	797366	158.595739459805
"1129"	508	"SMa0930"	514997	515237	798436	29.9237244278067
"1130"	509	"SMa0933"	515226	515514	798689	19.9157563520681
"1131"	510	"SMa0934"	515692	520312	801321	11.969489769058
"1132"	511	"SMa0937"	520760	522920	805159	438.146639810484
"1133"	512	"SMa0939"	523212	525114	807482	171.952148178491
"1134"	513	"SMa0940"	525118	525733	808744.5	44.885586638269
"1135"	514	"SMa0941"	525853	526237	809364	17.9542346553076
"1136"	515	"SMa0943"	526468	528106	810606	195.83827078992
"1137"	516	"SMa0945"	528168	528744	811775	73.0244399467518
"1138"	517	"SMa0947"	529149	529464	812625.5	26.5543418005912
"1139"	518	"SMa0950"	529781	530855	813637	373.381807352309
"1140"	519	"SMa0951"	530885	531749	814636	314.426785123092
"1141"	520	"SMa0952"	531738	532629	815502.5	265.297600031479
"1142"	521	"SMa0953"	532625	533744	816503.5	717.286103888214
"1143"	522	"SMa0955"	534017	534710	817682.5	597.472690562042
"1144"	523	"SMa0956"	534817	536179	818817	730.244399467518
"1145"	524	"SMa0958"	536175	537888	820350.5	916.124792065158
"1146"	525	"SMa0959"	537884	538661	821591.5	258.904832544392
"1147"	526	"SMa0961"	538681	539404	822361.5	221.081333359565
"1148"	527	"SMa0964"	539451	539682	822885.5	290.260126922885
"1149"	528	"SMa0967"	539830	540751	823609.5	1572.13392621187
"1150"	529	"SMa0969"	540996	541746	824690	78.6066962956832
"1151"	530	"SMa0972"	541928	543182	825874	83.7864284074939
"1152"	531	"SMa0974"	543236	543596	826735	26.9313519829614
"1153"	532	"SMa0976"	543827	544616	827540.5	5.98474488624957
"1154"	533	"SMa0977"	544942	545944	828762	0
"1155"	534	"SMa0981"	546464	546884	829993	1460.27775210725
"1156"	535	"SMa0983"	547032	547404	830537	383.023672582329
"1157"	536	"SMa0985"	547524	548370	831266	203.481326098074
"1158"	537	"SMa0988"	548396	548690	831862	17.9542346553076
"1159"	538	"SMa0990"	549347	549827	832906	58.9550222292175
"1160"	539	"SMa0992"	549894	550287	833409.5	616.4287232665
"1161"	540	"SMa5007"	550343	550724	833852.5	2187.42425560592
"1162"	541	"SMa0995"	551248	552481	835183.5	9.82583703919692
"1163"	542	"SMa0997"	553195	553492	836662.5	19.9157563520681
"1164"	543	"SMa0998"	553515	554085	837119	44.885586638269
"1165"	544	"SMa1001"	554433	555633	838352	722.199022307914
"1166"	545	"SMa1002"	555787	556162	839293.5	54.0421037200561
"1167"	546	"SMa1004"	556398	556761	839898.5	34.3904296237701
"1168"	547	"SMa1005"	556839	557640	840558.5	53.1086835946837
"1169"	548	"SMa1007"	557825	558254	841358.5	11.969489769058
"1170"	549	"SMa1008"	558536	558992	842083	169.283928976332
"1171"	550	"SMa1009"	559106	559328	842536	181.777985226634
"1172"	551	"SMa1010"	559458	559965	843030.5	389.008417692249
"1173"	552	"SMa1011"	560007	560433	843539	80.7940559557664
"1174"	553	"SMa1013"	560685	563166	845244.5	269.313519829614
"1175"	554	"SMa1014"	563251	563668	846778.5	63.8679407383788
"1176"	555	"SMa1016"	563672	564947	847628.5	132.771709002956
"1177"	556	"SMa1017"	565089	565296	848511.5	39.8315127041361
"1178"	557	"SMa1018"	565292	565655	848792.5	44.2162666719131
"1179"	558	"SMa1021"	565835	566402	849437.5	427.423911161827
"1180"	559	"SMa1024"	566896	567319	850426.5	29.8736345248528
"1181"	560	"SMa1028"	567767	567962	851183.5	11.969489769058
"1182"	561	"SMa1029"	568080	568911	851814.5	0
"1183"	562	"SMa1030"	568907	569279	852412	0
"1184"	563	"SMa1032"	569366	569612	852808	44.2162666719131
"1185"	564	"SMa1033"	569809	570190	853318.5	1430.35402758998
"1186"	565	"SMa1036"	570242	570512	853696	142.729587162743
"1187"	566	"SMa1037"	570508	571975	854560.5	658.331081658996
"1188"	567	"SMa1038"	571989	573339	855983	1360.87842998991
"1189"	568	"SMa1041"	573345	573858	856920.5	2318.89754121469
"1190"	569	"SMa1043"	573877	574162	857338.5	1247.88130395117
"1191"	570	"SMa1045"	574254	574542	857717	146.048879893504
"1192"	571	"SMa1046"	574538	575606	858391	142.729587162743
"1193"	572	"SMa1050"	576096	576642	859688	129.452416272196
"1194"	573	"SMa1052"	576638	577070	860173	162.126311130348
"1195"	574	"SMa1053"	577066	577477	860590.5	211.255496341243
"1196"	575	"SMa1056"	577473	577821	860966	255.471763013156
"1197"	576	"SMa1057"	577811	579110	861779.5	977.670785201788
"1198"	577	"SMa1058"	579231	579684	862776.5	80.7940559557664
"1199"	578	"SMa1060"	579985	581353	863988	716.967228544477
"1200"	579	"SMa1062"	581349	582180	865083.5	434.827347079723
"1201"	580	"SMa1063"	582115	582367	865560	131.66438746308
"1202"	581	"SMa1065"	582418	583207	866131.5	71.8169386349948
"1203"	582	"SMa1067"	583445	584192	867137.5	776.241126117431
"1204"	583	"SMa1070"	584978	586571	869093.5	14.7387555573044
"1205"	584	"SMa1073"	586540	587278	870228	54.0421037200561
"1206"	585	"SMa1076"	587854	588439	871465.5	1405.09469666182
"1207"	586	"SMa1077"	588600	589083	872160.5	584.637303872474
"1208"	587	"SMa1078"	589112	589337	872543.5	320.183851371338
"1209"	588	"SMa1079"	589342	589885	872932.5	1404.06082283704
"1210"	589	"SMa1081"	589906	590068	873306	1264.65052814512
"1211"	590	"SMa1082"	590349	590970	873978.5	13692.3039127358
"1212"	591	"SMa1084"	591064	593440	875571	7926.79459888682
"1213"	592	"SMa1086"	593619	594294	877275.5	7154.76251033278
"1214"	593	"SMa1087"	594395	596597	878815	8730.25620744927
"1215"	594	"SMa1089"	596593	596797	880014	569.89854831517
"1216"	595	"SMa1091"	596793	597297	880364	894.151170575866
"1217"	596	"SMa1092"	597520	598030	881094	2751.69366925117
"1218"	597	"SMa1093"	598283	598616	881768.5	1596.5798008962
"1219"	598	"SMa1095"	598803	599112	882276.5	682.260917066861
"1220"	599	"SMa1096"	599154	599616	882704	302.055637979288
"1221"	600	"SMa1097"	599528	600044	883105	137.649132366535
"1222"	601	"SMa1099"	600211	600526	883687.5	520.769362925353
"1223"	602	"SMa1100"	600896	601418	884476	2200.69107659484
"1224"	603	"SMa1101"	601407	601827	884936	514.490372293036
"1225"	604	"SMa1103"	601804	603559	886000.5	408.273005233642
"1226"	605	"SMa1104"	604237	604468	887671.5	294.775111146087
"1227"	606	"SMa1111"	604937	605630	888602.5	14.9618622139034
"1228"	607	"SMa1113"	606020	606329	889493.5	68.7808592773605
"1229"	608	"SMa1115"	606561	607890	890544.5	182.534719004804
"1230"	609	"SMa1118"	608682	609210	892265	9459.98426642
"1231"	610	"SMa1120"	609266	610181	893042.5	3542.21425127814
"1232"	611	"SMa1122"	610187	612551	894688	1334.59810927234
"1233"	612	"SMa1124"	612554	613754	896473	663.858545177246
"1234"	613	"SMa1126"	613773	614892	897651.5	2812.83009602113
"1235"	614	"SMa1128"	614945	616274	898928.5	7369.37777865218
"1236"	615	"SMa1131"	616468	618064	900585	14114.8149063725
"1237"	616	"SMa1132"	618492	618882	902006	2111.07017318924
"1238"	617	"SMa1134"	618929	619556	902561.5	1705.65229232304
"1239"	618	"SMa1136"	619851	620313	903401	2144.26310049684
"1240"	619	"SMa1138"	620364	620856	903929	742.108365757303
"1241"	620	"SMa1139"	620849	621116	904301.5	574.81146673487
"1242"	621	"SMa1141"	621244	622009	904945.5	71.8169386349948
"1243"	622	"SMa1142"	622008	623595	906120.5	466.810101024233
"1244"	623	"SMa1146"	623734	626434	908403	7690.80124449906
"1245"	624	"SMa1147"	626511	627336	910242.5	7261.29357222596
"1246"	625	"SMa1149"	627473	628307	911209	10105.8733947857
"1247"	626	"SMa1151"	628365	628821	911912	1936.0649702802
"1248"	627	"SMa1153"	628966	629641	912622.5	4293.89078470066
"1249"	628	"SMa1154"	629733	630129	913250	2358.2008891687
"1250"	629	"SMa1155"	630204	632907	914874.5	3813.86734017004
"1251"	630	"SMa1156"	632972	634046	916828	6229.58068321466
"1252"	631	"SMa1158"	634155	634998	917895.5	10086.2217187213
"1253"	632	"SMa1159"	635178	635622	918719	59.8474488624957
"1254"	633	"SMa1160"	635569	636151	919179	165.964636245572
"1255"	634	"SMa1161"	636147	636429	919607	289.862192636926
"1256"	635	"SMa1162"	636580	637258	920238	942.597319541293
"1257"	636	"SMa1163"	637387	639787	921906	5619.67544865289
"1258"	637	"SMa1166"	639901	640945	923742	2950.47922838767
"1259"	638	"SMa1168"	640996	641578	924606	456.901422276435
"1260"	639	"SMa1169"	641661	642003	925151	3173.74536234553
"1261"	640	"SMa1170"	642064	642382	925542	1775.82160803232
"1262"	641	"SMa1171"	642384	642645	925833.5	778.016835040389
"1263"	642	"SMa1172"	642641	642890	926084.5	386.016044965234
"1264"	643	"SMa1174"	642810	643314	926381	481.297444985434
"1265"	644	"SMa1176"	643875	644394	927453.5	5184.73523764908
"1266"	645	"SMa1178"	644673	645504	928407.5	1572.13392621187
"1267"	646	"SMa1179"	645675	647943	930128	6033.06394046258
"1268"	647	"SMa1182"	647968	649888	932247	8606.92603753901
"1269"	648	"SMa1183"	649887	651249	933887	3256.22616335192
"1270"	649	"SMa1184"	651245	652160	935021.5	1159.44877060734
"1271"	650	"SMa1185"	652156	652984	935889	859.760740743353
"1272"	651	"SMa1186"	652980	653538	936578	633.984910600404
"1273"	652	"SMa1188"	653530	654535	937351.5	607.430568754322
"1274"	653	"SMa1191"	654732	655944	938657	511.171079562276
"1275"	654	"SMa1192"	656022	656316	939488	181.777985226634
"1276"	655	"SMa1194"	656364	657546	940274	600.791983292802
"1277"	656	"SMa1195"	657561	658236	941217.5	1140.09390059827
"1278"	657	"SMa1197"	658411	658774	941911.5	58.9550222292175
"1279"	658	"SMa1198"	658827	660453	942959	592.489743515036
"1280"	659	"SMa1200"	660517	661033	944094	786.066962956832
"1281"	660	"SMa1201"	661251	661632	944760.5	1753.53025148186
"1282"	661	"SMa1207"	661868	662549	945527.5	4583.75297832166
"1283"	662	"SMa1208"	662622	662790	946025	191.603822244957
"1284"	663	"SMa1209"	662786	665060	947242	4449.65782112858
"1285"	664	"SMa1210"	665056	665560	948627	2923.18651906417
"1286"	665	"SMa1211"	665556	667131	949662.5	12684.6667840574
"1287"	666	"SMa1213"	667359	668229	951113	2682.45351142939
"1288"	667	"SMa1214"	668232	668385	951627.5	780.033790428921
"1289"	668	"SMa1216"	668397	669129	952082	3154.09368926313
"1290"	669	"SMa1220"	669142	670762	953271	8106.33694874334
"1291"	670	"SMa1223"	671076	671532	954623	13469.6898799794
"1292"	671	"SMa1225"	671612	672248	955249	7999.49546813482
"1293"	672	"SMa1226"	672327	672675	955820	216.168414850404
