"X"	"Id"	"Start"	"End"	"tmp_pos"	"Exp"
"1"	46	"SMb20044"	55089	56400	654.5	417.61941050707
"2"	45	"SMb20043"	53786	54629	882.5	352.515243884354
"3"	47	"SMb20045"	56555	57560	1967.5	1524.03331259767
"4"	44	"SMb20042"	52255	53413	2256	1264.94764953095
"5"	48	"SMb20046"	57563	58760	3071.5	2190.18972035367
"6"	43	"SMb20041"	51702	52233	3122.5	101.140392567211
"7"	42	"SMb20040"	50651	51512	4008.5	76.2195122012945
"8"	49	"SMb20047"	59126	59315	4130.5	247.405497655135
"9"	50	"SMb20048"	59483	60191	4747	473.976848091057
"10"	41	"SMb20039"	49145	50570	5232.5	526.484235263911
"11"	40	"SMb20038"	48821	49049	6155	39.6976626074316
"12"	51	"SMb20049"	60309	62271	6200	616.540749144512
"13"	39	"SMb20037"	47744	48605	6915.5	54.6896363121192
"14"	52	"SMb20050"	62414	62924	7579	67.7109782964643
"15"	38	"SMb20036"	46648	47665	7933.5	136.55995935029
"16"	53	"SMb20054"	63019	63847	8343	174.571088553324
"17"	37	"SMb20035"	45307	46588	9142.5	36.4597575466819
"18"	54	"SMb20055"	63994	64984	9399	1076.60060973448
"19"	36	"SMb20034"	44733	45297	10075	20.8341471717907
"20"	35	"SMb20033"	43774	44437	10984.5	338.224085323295
"21"	34	"SMb20032"	42650	43385	12072.5	184.90305615557
"22"	55	"SMb20056"	66643	67711	12087	30701.7201251152
"23"	33	"SMb20031"	42305	42554	12660.5	34.9339430870786
"24"	56	"SMb20057"	67707	68751	13139	17360.0531328271
"25"	32	"SMb20030"	41422	42280	13239	377.618917340513
"26"	31	"SMb20029"	40949	41423	13904	177.845528448962
"27"	57	"SMb20058"	68747	69548	14057.5	11066.1204266607
"28"	58	"SMb20059"	69551	70331	14851	7133.09113613783
"29"	30	"SMb20028"	39373	40510	15148.5	590.216537429114
"30"	59	"SMb20060"	70422	71619	15930.5	9.69839380816393
"31"	29	"SMb20027"	37804	39310	16533	320.046995627986
"32"	60	"SMb22003"	71777	72098	16847.5	119.796346218037
"33"	61	"SMb20061"	72258	72414	17246	42.9500297214136
"34"	28	"SMb20026"	37330	37792	17529	61.9283536557797
"35"	62	"SMb20062"	72517	72766	17551.5	586.06008286388
"36"	63	"SMb20063"	72755	73052	17813.5	497.389053785249
"37"	64	"SMb20064"	72973	73420	18106.5	166.673177279482
"38"	27	"SMb20025"	36146	37124	18455	176.257621942177
"39"	65	"SMb20065"	73971	74370	19080.5	18.0113027920527
"40"	66	"SMb20066"	74536	74722	19539	25.4065040619167
"41"	26	"SMb20024"	34934	35897	19674.5	354.180501778176
"42"	67	"SMb20067"	74725	75247	19896	75.5237834839099
"43"	68	"SMb20068"	75461	75671	20476	241.074360322466
"44"	69	"SMb20069"	76204	77608	21816	3379.19749971706
"45"	25	"SMb20023"	31300	34918	21981	2460.62105768882
"46"	70	"SMb20070"	77868	79356	23522	207.822724437895
"47"	24	"SMb20022"	30657	31224	24149.5	306.465955343051
"48"	71	"SMb20071"	79573	80767	25080	40.1790600537444
"49"	23	"SMb20021"	29539	30010	25315.5	195.312500023589
"50"	72	"SMb20072"	81238	82168	26613	1357.66006096898
"51"	22	"SMb20020"	27344	29423	26706.5	15539.2530486555
"52"	73	"SMb20073"	82330	83188	27669	53.9888211374022
"53"	21	"SMb20019"	26205	27342	28316.5	4385.58797802588
"54"	74	"SMb20074"	83383	83626	28414.5	11.0838786372188
"55"	75	"SMb20075"	83674	83866	28680	5.20853679215731
"56"	76	"SMb20076"	83964	84981	29382.5	59.5758476796317
"57"	20	"SMb20018"	25091	26114	29487.5	1646.65904458196
"58"	77	"SMb20077"	85080	86745	30822.5	236.988423966492
"59"	19	"SMb20017"	23336	24842	31001	705.211778223144
"60"	78	"SMb20078"	86744	87380	31972	141.323678855099
"61"	18	"SMb20016"	22344	23337	32249.5	317.720744342145
"62"	17	"SMb20015"	21391	22348	33220.5	379.509654499688
"63"	16	"SMb20014"	20376	21378	34213	360.22605568173
"64"	79	"SMb20079"	88212	91431	34731.5	242.949695071677
"65"	15	"SMb20013"	19078	20323	35389.5	342.987804843648
"66"	80	"SMb20080"	91545	92715	37040	36.022605568173
"67"	14	"SMb20012"	16479	19023	37339	127.609151405483
"68"	81	"SMb20081"	92734	93445	37999.5	65.1041666693484
"69"	82	"SMb20082"	93441	94260	38760.5	24.9387269293609
"70"	13	"SMb20011"	15668	16448	39032	33.8554891403285
"71"	83	"SMb20083"	94551	94791	39581	20.7822724437895
"72"	84	"SMb20084"	94902	95076	39899	39.064025937228
"73"	85	"SMb20085"	95127	95274	40110.5	6.92742414846092
"74"	12	"SMb20010"	14374	15442	40182	98.9621990462466
"75"	86	"SMb20086"	95471	95774	40532.5	13.8548482969218
"76"	87	"SMb20087"	95796	96402	41009	82.5711382128876
"77"	11	"SMb20009"	13350	14280	41275	561.121355950452
"78"	10	"SMb20008"	12296	13364	42260	106.682331886617
"79"	88	"SMb20088"	96556	98533	42454.5	94.2129684139701
"80"	89	"SMb20089"	98551	98875	43623	15.6256103748912
"81"	9	"SMb20007"	10153	12271	43878	65.1067099059182
"82"	90	"SMb20090"	98878	99070	43884	26.9944105687011
"83"	91	"SMb20091"	99185	99692	44348.5	46.0492886190247
"84"	92	"SMb20092"	99777	100536	45066.5	16.6258179582181
"85"	8	"SMb20006"	9085	10039	45528	91.149393858801
"86"	93	"SMb20093"	100573	101515	45954	23.4384155623368
"87"	7	"SMb20005"	8288	8900	46496	72.9195150933638
"88"	94	"SMb20094"	101409	103182	47205.5	70.6597263184438
"89"	6	"SMb20004"	7267	8173	47370	177.845528448962
"90"	5	"SMb20003"	6484	7261	48217.5	333.346354717037
"91"	95	"SMb20095"	103206	105024	49025	31.8661510826016
"92"	4	"SMb20002"	5349	6426	49202.5	144.499491868667
"93"	96	"SMb20096"	105052	105493	50182.5	54.0339083602257
"94"	3	"SMb21655"	3085	5353	50871	315.116475840948
"95"	97	"SMb20097"	105494	106724	51019	91.149393858801
"96"	98	"SMb20098"	106732	107128	51840	20.642784557108
"97"	2	"SMb21654"	2261	3080	52419.5	27.7096965970302
"98"	99	"SMb20099"	107124	108759	52851.5	119.092987806751
"99"	1	"SMb21653"	1368	2265	53273.5	22.1677572776241
"100"	100	"SMb20100"	108760	109747	54163.5	88.545125468255
"101"	0	"SMb21652"	0	1275	54452.5	255.218302842581
"102"	101	"SMb20101"	109807	111088	55357.5	439.198690987249
"103"	102	"SMb20102"	111175	113059	57027	716.295656957551
"104"	103	"SMb20103"	113273	115076	59084.5	123.308149844835
"105"	104	"SMb20104"	115151	115910	60440.5	286.469523592363
"106"	105	"SMb20105"	116011	116644	61237.5	684.922588152088
"107"	106	"SMb20106"	116823	117555	62099	309.64176835662
"108"	107	"SMb20107"	117622	118579	63010.5	125.004882999129
"109"	1569	"SMb21651"	1682467	1682881	63011	739.964430917964
"110"	1568	"SMb21650"	1681405	1682485	63740	404.916158608238
"111"	108	"SMb20108"	118702	120211	64366.5	156.559785745339
"112"	1567	"SMb21649"	1680393	1681335	64821	268.784056999159
"113"	109	"SMb20109"	120283	121207	65655	51.2629386925565
"114"	1566	"SMb21648"	1678725	1680198	66223.5	2078.20617986053
"115"	110	"SMb20110"	121203	122151	66587	38.7935752358422
"116"	111	"SMb20111"	122147	123788	67877.5	116.380725691594
"117"	1565	"SMb21647"	1676355	1678437	68289	1197.96346218037
"118"	112	"SMb20112"	123784	124672	69138	39.064025937228
"119"	1564	"SMb21646"	1675224	1676238	69954	255.218302842581
"120"	113	"SMb20113"	124708	125641	70084.5	73.4306959701806
"121"	114	"SMb20114"	125643	126369	70916	47.1064842069851
"122"	1563	"SMb21645"	1674100	1675228	71021	296.886597122933
"123"	115	"SMb20115"	126395	128117	72166	106.775004233692
"124"	1562	"SMb21644"	1672418	1674089	72431.5	565.12624199728
"125"	1561	"SMb21643"	1671024	1672398	73974	716.295656957551
"126"	116	"SMb20116"	128251	130456	74263.5	81.7436049413234
"127"	1560	"SMb21642"	1670198	1670714	75229	49.2251016325935
"128"	117	"SMb20117"	130585	131686	76045.5	142.911585361883
"129"	1559	"SMb21641"	1669033	1669954	76191.5	388.035991029156
"130"	118	"SMb20118"	132166	132586	77286	329.745389401098
"131"	1558	"SMb21640"	1667830	1668829	77355.5	4071.93991504113
"132"	119	"SMb20119"	132608	132965	77696.5	377.618917340513
"133"	1557	"SMb21639"	1667526	1667811	78016.5	448.897084760362
"134"	120	"SMb22004"	132945	133338	78051.5	640.093991255971
"135"	121	"SMb20121"	133282	133558	78330	591.602022231084
"136"	1556	"SMb21638"	1666741	1667527	78551	423.971036534207
"137"	122	"SMb20122"	133739	134075	78817	10.4170735843146
"138"	1555	"SMb21637"	1666207	1666732	79215.5	144.499491868667
"139"	123	"SMb20123"	134260	135157	79618.5	362.997025285669
"140"	1554	"SMb21636"	1665102	1666179	80044.5	223.894817145708
"141"	124	"SMb20124"	135278	136805	80951.5	66.6920731761327
"142"	1553	"SMb21635"	1662985	1665052	81666.5	437.517090496953
"143"	125	"SMb20125"	136814	137747	82190.5	24.9387269293609
"144"	1552	"SMb21634"	1662485	1662989	82948	470.020325230954
"145"	126	"SMb20126"	137755	138853	83214	22.1677572776241
"146"	1551	"SMb21633"	1661660	1662452	83629	318.661510826016
"147"	127	"SMb20127"	139005	139986	84405.5	44.2725627341275
"148"	1550	"SMb21632"	1660251	1661568	84775.5	207.822724437895
"149"	128	"SMb20128"	140041	141355	85608	67.7109782964643
"150"	1549	"SMb21631"	1659034	1660132	86102	3340.95528436744
"151"	129	"SMb20129"	141804	142584	87104	148.246876774196
"152"	1548	"SMb21630"	1657749	1658991	87315	6176.95630051012
"153"	130	"SMb20130"	142634	143498	87976	109.379272624238
"154"	131	"SMb20131"	143494	143980	88647	57.2939047184726
"155"	1547	"SMb20636"	1656473	1657487	88705	0
"156"	132	"SMb20132"	143976	146295	90045.5	372.410380654264
"157"	1546	"SMb21706"	1655214	1656018	90069	347.756692304678
"158"	1545	"SMb20634"	1653926	1655162	91141	215.955284611786
"159"	133	"SMb20133"	146294	147344	91729	432.271266818076
"160"	1544	"SMb20633"	1652818	1653736	92408	159.330755413008
"161"	134	"SMb20134"	147546	148938	93152	52.6484235263911
"162"	1543	"SMb20632"	1651958	1652822	93295	39.064025937228
"163"	135	"SMb20135"	149016	149649	94242.5	26.0426839528829
"164"	1542	"SMb20631"	1650016	1651939	94707.5	218.758545248477
"165"	136	"SMb20136"	149679	151053	95276	76.2195122012945
"166"	1541	"SMb20630"	1648918	1650004	96224	158.860372092036
"167"	137	"SMb20137"	151194	152136	96575	98.3694228995415
"168"	1540	"SMb20629"	1648565	1648844	96980.5	127.464604330406
"169"	1539	"SMb20628"	1648210	1648480	97340	1485.2397373459
"170"	138	"SMb20138"	152175	153102	97548.5	119.092987806751
"171"	1538	"SMb20627"	1647905	1648214	97625.5	1594.69303813543
"172"	1537	"SMb20626"	1646884	1647871	98307.5	1316.21058815978
"173"	139	"SMb20139"	153413	153908	98570.5	77.587150455752
"174"	140	"SMb20140"	153927	154809	99278	151.017846425933
"175"	1536	"SMb20625"	1645603	1646809	99479	125.444613818344
"176"	141	"SMb20141"	154808	156455	100541.5	187.507324498694
"177"	1535	"SMb20624"	1644484	1645579	100653.5	104.170735843146
"178"	142	"SMb20142"	156447	157371	101819	82.5711382128876
"179"	1534	"SMb20623"	1643216	1644488	101833	93.7536622493471
"180"	143	"SMb20143"	157385	158300	102752.5	107.977642274804
"181"	1533	"SMb20622"	1641557	1643081	103366	81.7436049413234
"182"	144	"SMb20144"	158385	159891	104048	266.768292673442
"183"	1532	"SMb20621"	1640521	1641478	104685.5	49.2251016325935
"184"	145	"SMb20145"	160205	161393	105709	210.945740061031
"185"	1531	"SMb20620"	1639431	1640475	105732	219.131097625355
"186"	146	"SMb20146"	161392	162358	106785	261.856632829986
"187"	1530	"SMb20619"	1638399	1639389	106791	1849.9110765177
"188"	1529	"SMb20618"	1637724	1638330	107658	2157.19988048109
"189"	147	"SMb20147"	162354	163461	107817.5	236.988423966492
"190"	1528	"SMb20617"	1636954	1637728	108344	3553.76858795174
"191"	148	"SMb20148"	163685	164387	108946	629.010112680889
"192"	1527	"SMb20616"	1635780	1636758	109416	3656.29446489074
"193"	149	"SMb20149"	164390	165422	109816	466.844512217385
"194"	1526	"SMb20615"	1633943	1635779	110824	7528.72456366849
"195"	150	"SMb20150"	165739	166579	111069	109.379272624238
"196"	151	"SMb20151"	166644	167262	111863	54.6896363121192
"197"	152	"SMb20152"	167255	168974	113024.5	127.464604330406
"198"	1525	"SMb20614"	1631509	1633567	113147	1695.37872567569
"199"	153	"SMb20153"	169057	170701	114789	223.894817145708
"200"	1524	"SMb20613"	1630002	1631385	114991.5	443.355145552483
"201"	154	"SMb20154"	170751	171738	116154.5	1144.41046921039
"202"	1523	"SMb20612"	1628133	1629999	116619	816.050564611265
"203"	155	"SMb20155"	172248	174099	118083.5	264.627602433925
"204"	1522	"SMb20611"	1626576	1627902	118446	279.471544727717
"205"	156	"SMb20156"	174098	175232	119575	455.746969214968
"206"	1521	"SMb20610"	1625534	1626464	119686	468.293872465911
"207"	157	"SMb20157"	175273	176398	120745.5	554.709168308637
"208"	1520	"SMb20609"	1622167	1625548	121827.5	835.238821169583
"209"	158	"SMb20158"	176426	177551	121898.5	446.126115156422
"210"	159	"SMb20159"	177604	178489	122956.5	229.990481747384
"211"	1519	"SMb20608"	1621522	1621861	123993.5	54.6896363121192
"212"	160	"SMb22005"	179167	179536	124261.5	60.9613324975339
"213"	1518	"SMb20607"	1621025	1621490	124427.5	142.911585361883
"214"	161	"SMb20161"	179532	179883	124617.5	910.2635330571
"215"	1517	"SMb20606"	1620579	1621029	124881	149.26321138902
"216"	162	"SMb20162"	180076	180766	125331	574.822154523278
"217"	1516	"SMb20605"	1619074	1620367	125964.5	217.521118211008
"218"	163	"SMb20163"	180810	181980	126305	174.485982466927
"219"	1515	"SMb20604"	1617318	1618932	127560	72.9195150933638
"220"	164	"SMb20164"	181976	184220	128008	396.976626074316
"221"	1514	"SMb20603"	1616146	1617322	128951	27.7096965970302
"222"	165	"SMb20165"	184326	184998	129572	96.8622967428582
"223"	1513	"SMb20602"	1615388	1616141	129920.5	31.8661510826016
"224"	166	"SMb20166"	184994	185348	130081	93.6864837448338
"225"	1512	"SMb21707"	1614674	1615370	130663	54.6896363121192
"226"	167	"SMb20167"	185421	186234	130737.5	614.607341465078
"227"	1511	"SMb20600"	1613879	1614503	131494	600.228658476384
"228"	168	"SMb20168"	186368	187466	131827	142.911585361883
"229"	1510	"SMb20599"	1612755	1613817	132399	1169.34919628315
"230"	169	"SMb20169"	187594	188236	132825	357.45508607779
"231"	1509	"SMb20598"	1611495	1612752	133561.5	1036.34265258554
"232"	170	"SMb20170"	188405	189533	133879	76.2016656219174
"233"	1508	"SMb20597"	1610920	1611340	134555	91.149393858801
"234"	171	"SMb20171"	189529	190372	134860.5	371.309934416137
"235"	172	"SMb20172"	190385	190796	135500.5	228.604996945414
"236"	1507	"SMb20596"	1609603	1610593	135587	1656.31469973847
"237"	173	"SMb20173"	190973	192779	136786	725.994050730663
"238"	1506	"SMb20595"	1607753	1609589	137014	4114.74406591492
"239"	174	"SMb20174"	192857	193388	138032.5	139.933967787121
"240"	1505	"SMb20594"	1607383	1607701	138143	293.722783912587
"241"	1504	"SMb20593"	1606850	1607375	138572.5	63.7323021652031
"242"	175	"SMb20175"	193344	194211	138687.5	123.308149844835
"243"	1503	"SMb20592"	1606088	1606772	139255	127.609151405483
"244"	176	"SMb20176"	194207	194753	139390	41.668294327774
"245"	1502	"SMb20591"	1605766	1606063	139770.5	93.7536622493471
"246"	177	"SMb20177"	194926	195448	140097	159.330755413008
"247"	1501	"SMb20590"	1605381	1605705	140142	161.464640593233
"248"	178	"SMb20178"	195574	196762	141078	79.3953251993189
"249"	1500	"SMb20589"	1603996	1605199	141087.5	439.198690987249
"250"	1499	"SMb20588"	1603211	1603997	142081	138.026224983475
"251"	179	"SMb20179"	196763	197738	142160.5	78.1280518744559
"252"	180	"SMb20180"	197741	198221	142891	56.8048780119625
"253"	1498	"SMb20587"	1602337	1603198	142917.5	158.860372092036
"254"	181	"SMb20181"	198275	199247	143671	190.548780503236
"255"	1497	"SMb20586"	1601451	1602207	143856	152.439024387045
"256"	182	"SMb20182"	199221	200001	144521	210.945740061031
"257"	183	"SMb20183"	199997	200621	145219	141.323678855099
"258"	1496	"SMb20585"	1599583	1601329	145229	776.071982058311
"259"	184	"SMb20184"	200617	201346	145891.5	178.727542959233
"260"	1495	"SMb20584"	1598711	1599374	146642.5	734.403687619886
"261"	185	"SMb20185"	201342	202134	146648	101.566467436793
"262"	186	"SMb20186"	202254	202824	147449	263.242117631955
"263"	1494	"SMb20583"	1597366	1598539	147732.5	229.990481747384
"264"	187	"SMb20194"	203135	203702	148328.5	38.7935752358422
"265"	1493	"SMb20582"	1596354	1597275	148870.5	293.722783912587
"266"	188	"SMb20195"	203705	204392	148958.5	101.140392567211
"267"	189	"SMb20196"	204388	205324	149766	173.185603751354
"268"	1492	"SMb20581"	1594320	1596210	150420	627.624627878919
"269"	190	"SMb20197"	205335	205725	150440	74.6316056945102
"270"	191	"SMb20198"	205766	207227	151406.5	178.727542959233
"271"	1491	"SMb20580"	1593305	1594247	151909	149.26321138902
"272"	192	"SMb20199"	207259	208339	152709	99.7549077333761
"273"	1490	"SMb20579"	1592404	1593211	152877.5	401.057332902849
"274"	1489	"SMb20578"	1592000	1592408	153481	239.592692467689
"275"	1488	"SMb20577"	1591222	1591984	154082	328.137817872715
"276"	193	"SMb20200"	208341	210426	154293.5	111.983541030592
"277"	1487	"SMb20576"	1590597	1591212	154780.5	210.945740061031
"278"	1486	"SMb20575"	1589459	1590515	155698	209.208209239865
"279"	194	"SMb20201"	210436	211306	155781	83.3365886713554
"280"	195	"SMb20202"	211316	212366	156751	83.1290897751581
"281"	1485	"SMb20574"	1586818	1589446	157553	96.3579306557006
"282"	196	"SMb20203"	212467	213409	157848	408.870138090295
"283"	197	"SMb20204"	213691	213787	158649	239.592692467689
"284"	198	"SMb20205"	213828	214740	159194	381.097561006473
"285"	1484	"SMb20573"	1586080	1586638	159326	11.0838786372188
"286"	199	"SMb20206"	214736	215507	160031.5	188.960873996452
"287"	1483	"SMb21691"	1584642	1585992	160368	45.7209993731504
"288"	200	"SMb20207"	215503	215800	160561.5	53.9888211374022
"289"	201	"SMb20208"	215796	216924	161270	217.521118211008
"290"	1482	"SMb20571"	1583780	1584626	161482	38.1097561006473
"291"	202	"SMb20209"	216992	217232	162022	49.4810995152196
"292"	1481	"SMb20570"	1582691	1583684	162497.5	56.8048780119625
"293"	203	"SMb20210"	217286	218000	162553	84.159044719672
"294"	1480	"SMb20569"	1581910	1582681	163389.5	49.4810995152196
"295"	204	"SMb20211"	218141	219074	163517.5	301.702235822698
"296"	205	"SMb20212"	219261	219942	164511.5	106.38973576802
"297"	1479	"SMb20568"	1580559	1581771	164520	1302.13419796029
"298"	1478	"SMb20787"	1579594	1580458	165659	276.05244990372
"299"	206	"SMb20213"	219979	221863	165831	85.9408570619015
"300"	1477	"SMb20786"	1578586	1579588	166598	160.716240214978
"301"	207	"SMb20214"	222126	222930	167438	72.9195150933638
"302"	1476	"SMb20785"	1577825	1578590	167477.5	285.409874941444
"303"	1475	"SMb20784"	1577128	1577845	168198.5	214.750148607068
"304"	208	"SMb20215"	222992	223973	168392.5	195.32012968614
"305"	1474	"SMb20783"	1576548	1576956	168933	0
"306"	1473	"SMb21701"	1576483	1576621	169133	0
"307"	1472	"SMb21702"	1576465	1576606	169149.5	0
"308"	209	"SMb20216"	224113	225160	169546.5	182.609247969315
"309"	1471	"SMb20780"	1574694	1575954	170361	0
"310"	210	"SMb20217"	225377	226043	170620	142.911585361883
"311"	1470	"SMb20779"	1574365	1574797	171104	0
"312"	1469	"SMb20778"	1574125	1574641	171302	1.38548482905489
"313"	211	"SMb20218"	226213	227578	171805.5	267.398572197189
"314"	1468	"SMb20777"	1573065	1574031	172137	0
"315"	212	"SMb20219"	227577	228315	172856	296.938516302345
"316"	213	"SMb22002"	228406	228829	173527.5	12.7032520325128
"317"	1467	"SMb20776"	1570886	1572836	173824	508.130081238335
"318"	214	"SMb20221"	228705	229740	174132.5	33.3460365802942
"319"	215	"SMb20222"	229749	230172	174870.5	10.4170735843146
"320"	216	"SMb22001"	230871	231375	176033	52.4009146306178
"321"	1466	"SMb20775"	1567284	1570887	176599.5	2049.98729606164
"322"	217	"SMb20225"	231656	232343	176909.5	34.6371207343384
"323"	218	"SMb20226"	232508	232682	177505	2.60426839528829
"324"	219	"SMb20227"	232838	233417	178037.5	13.0213419796029
"325"	220	"SMb20228"	233409	233829	178529	17.4669715435393
"326"	1465	"SMb20774"	1566608	1567154	178804	333.901843966332
"327"	221	"SMb20229"	233825	234800	179222.5	72.9195150933638
"328"	1464	"SMb20773"	1565857	1566544	179484.5	802.195716432243
"329"	222	"SMb20230"	235031	236036	180443.5	264.627602433925
"330"	1463	"SMb20772"	1564613	1565660	180548.5	393.244527715404
"331"	1462	"SMb20771"	1563551	1564538	181640.5	285.823170754855
"332"	223	"SMb20231"	236095	237451	181683	312.817581370189
"333"	1461	"SMb20770"	1562945	1563446	182489.5	77.8074186925346
"334"	224	"SMb20232"	237508	238453	182890.5	87.3348577176964
"335"	1460	"SMb20769"	1561372	1562911	183543.5	188.960873996452
"336"	225	"SMb20233"	238442	239291	183776.5	59.8981731090187
"337"	226	"SMb20234"	239321	240518	184829.5	130.208333338697
"338"	1459	"SMb20768"	1560377	1561319	184837	289.073791935487
"339"	227	"SMb20235"	240519	241611	185975	103.213922769996
"340"	1458	"SMb20767"	1558642	1560361	186183.5	1463.07198003641
"341"	228	"SMb20236"	241730	242075	186812.5	23.4384155623368
"342"	229	"SMb20238"	242402	243197	187709.5	67.7109782964643
"343"	1457	"SMb20766"	1557311	1558475	187792	6.3516260162564
"344"	230	"SMb20239"	243199	244240	188629.5	45.7209993731504
"345"	1456	"SMb20765"	1556569	1557184	188808.5	556.964901544543
"346"	1455	"SMb20764"	1555865	1556573	189466	741.234383870979
"347"	231	"SMb20240"	244259	245378	189728.5	41.564544887579
"348"	1454	"SMb20763"	1555055	1555832	190241.5	946.286138704935
"349"	232	"SMb20241"	245374	246460	190827	38.7935752358422
"350"	1453	"SMb20762"	1554165	1555059	191073	1048.81201596259
"351"	233	"SMb20242"	246456	247587	191931.5	20.7822724437895
"352"	1452	"SMb20761"	1553062	1554169	192069.5	1361.93158758072
"353"	1451	"SMb20760"	1552455	1553058	192928.5	1108.38786372188
"354"	234	"SMb20243"	247591	248743	193077	24.9387269293609
"355"	1450	"SMb20759"	1551985	1552456	193464.5	885.324806143671
"356"	1449	"SMb20758"	1551128	1551863	194189.5	454.14126016311
"357"	235	"SMb20244"	248739	249861	194210	59.5758476796317
"358"	236	"SMb20245"	249857	250964	195320.5	46.8768311246736
"359"	1448	"SMb20757"	1548978	1551117	195637.5	1859.43851680195
"360"	237	"SMb20246"	251297	252290	196703.5	39.064025937228
"361"	238	"SMb20247"	252294	253308	197711	49.4810995152196
"362"	1447	"SMb20756"	1546740	1548753	197938.5	2202.42632040205
"363"	239	"SMb20248"	253337	255086	199121.5	77.587150455752
"364"	1446	"SMb20755"	1545195	1546728	199723.5	1337.01727638078
"365"	240	"SMb20249"	255237	256341	200699	38.7935752358422
"366"	1445	"SMb20754"	1543623	1545099	201324	220.292087974272
"367"	241	"SMb20250"	256337	256937	201547	37.4080904020076
"368"	242	"SMb20251"	257008	257971	202399.5	39.064025937228
"369"	1444	"SMb20753"	1542364	1543507	202749.5	369.806112153067
"370"	243	"SMb20252"	257883	259248	203475.5	54.0339083602257
"371"	1443	"SMb20752"	1541281	1542352	203868.5	1145.87809421138
"372"	244	"SMb20253"	259294	260200	204657	18.0113027920527
"373"	1442	"SMb20751"	1540338	1541235	204898.5	841.178691901
"374"	245	"SMb20254"	260408	260684	205456	23.4384155623368
"375"	1441	"SMb20750"	1539558	1540308	205752	604.992377996737
"376"	246	"SMb20255"	260758	261310	205944	122.400614608583
"377"	247	"SMb20256"	261441	261891	206576	627.223069091718
"378"	1440	"SMb20749"	1538075	1539539	206878	1052.12443196203
"379"	248	"SMb20257"	262073	263132	207512.5	412.874479271851
"380"	249	"SMb20258"	263236	263947	208501.5	257.822571185705
"381"	1439	"SMb20748"	1536504	1537569	208648.5	211.191565091433
"382"	250	"SMb20259"	264067	265030	209458.5	1325.57261352263
"383"	1438	"SMb20747"	1535678	1536353	209669.5	727.26117886369
"384"	1437	"SMb20746"	1535473	1535659	210119	742.216492807331
"385"	251	"SMb20260"	265077	265470	210183.5	268.239644716274
"386"	252	"SMb20261"	265533	266571	210962	974.97459345572
"387"	1436	"SMb20745"	1533875	1534910	211292.5	2442.80375580157
"388"	1435	"SMb20729"	1533002	1533416	212476	710.753717590347
"389"	253	"SMb20262"	266813	268331	212482	7210.68343533864
"390"	1434	"SMb20728"	1532684	1532894	212896	5362.18862645658
"391"	1433	"SMb20727"	1532368	1532602	213200	6995.06491221345
"392"	254	"SMb20263"	268517	269324	213830.5	8663.43663958375
"393"	1432	"SMb20726"	1530776	1532294	214150	317.720744342145
"394"	255	"SMb20264"	269390	270056	214633	2186.29506052584
"395"	1431	"SMb20725"	1530165	1530657	215274	278.482450772271
"396"	256	"SMb20265"	270068	270722	215305	1524.39024387045
"397"	257	"SMb20266"	270714	271437	215985.5	2205.60213434828
"398"	1430	"SMb20724"	1529224	1530169	215988.5	967.035060921798
"399"	258	"SMb20267"	271437	272679	216968	3028.66983764912
"400"	1429	"SMb20723"	1527922	1528990	217229	440.121358840077
"401"	259	"SMb20268"	272693	273695	218104	3510.81855829405
"402"	1428	"SMb20722"	1527167	1527845	218179	199.509815466752
"403"	1427	"SMb20721"	1525773	1527171	219213	433.498475574913
"404"	260	"SMb20269"	273691	275383	219447	3225.40868271531
"405"	1426	"SMb20720"	1524512	1525463	220697.5	244.801229153937
"406"	261	"SMb20270"	275433	276462	220857.5	2312.37417989495
"407"	262	"SMb20271"	276545	276977	221671	1097.3039851468
"408"	1425	"SMb20719"	1523436	1524447	221743.5	57.2939047184726
"409"	263	"SMb20272"	277377	278586	222891.5	295.350609795561
"410"	1424	"SMb20718"	1521832	1523359	223089.5	101.566467436793
"411"	264	"SMb20273"	278658	278844	223661	125.444613818344
"412"	265	"SMb20274"	279099	279285	224102	4.1564544887579
"413"	1423	"SMb20717"	1520540	1521566	224632	242.459845124436
"414"	266	"SMb20275"	279462	280323	224802.5	114.99524085776
"415"	1422	"SMb20716"	1519555	1520452	225681.5	96.3579306557006
"416"	267	"SMb20276"	280414	281305	225769.5	189.81142169364
"417"	1421	"SMb20715"	1518495	1519401	226737	242.949695071677
"418"	268	"SMb20277"	281301	282645	226883	798.039261867009
"419"	1420	"SMb20714"	1517083	1518109	228089	491.84711457737
"420"	269	"SMb20278"	282953	283532	228152.5	385.164782595158
"421"	270	"SMb20279"	283533	284037	228695	270.843913217472
"422"	1419	"SMb20713"	1515445	1516987	229469	934.932354150347
"423"	271	"SMb20280"	284068	285535	229711.5	875.034180993906
"424"	1418	"SMb20712"	1514329	1515259	230891	947.953696182114
"425"	272	"SMb20281"	285616	286687	231061.5	557.35518294865
"426"	273	"SMb20282"	286690	287482	231996	285.823170754855
"427"	1417	"SMb20711"	1513277	1514090	232001.5	125.444613818344
"428"	274	"SMb20283"	287492	288476	232894	419.287211778938
"429"	1416	"SMb20710"	1512187	1513075	233054	404.916158608238
"430"	275	"SMb20284"	288560	289661	234020.5	862.012839120213
"431"	1415	"SMb20709"	1511134	1511692	234272	136.55995935029
"432"	1414	"SMb20708"	1510372	1510924	235037	406.265869747171
"433"	276	"SMb20285"	289740	290718	235139	323.932926762236
"434"	1413	"SMb20707"	1509108	1510371	235945.5	829.905412949611
"435"	277	"SMb20286"	290920	292000	236370	924.161585394063
"436"	1412	"SMb20706"	1508280	1509057	237016.5	1032.1861980203
"437"	278	"SMb20287"	292018	292726	237282	224.448542380181
"438"	1411	"SMb20705"	1507235	1508147	237994	1153.69089939882
"439"	279	"SMb20288"	292722	294123	238332.5	304.80666248767
"440"	1410	"SMb20704"	1505460	1506921	239494.5	40.1790600537444
"441"	280	"SMb20289"	294232	295582	239817	71.4557926809415
"442"	1409	"SMb20703"	1504674	1505184	240756	41.564544887579
"443"	281	"SMb20290"	295733	296729	241141	494.810995152196
"444"	1408	"SMb20702"	1502958	1504623	241894.5	563.706808975787
"445"	282	"SMb20291"	296736	299220	242888	2906.36352972976
"446"	1407	"SMb20701"	1502023	1502776	243285.5	29.0951814149323
"447"	1406	"SMb20700"	1501533	1501947	243945	23.8185975551324
"448"	1405	"SMb20699"	1500349	1501447	244787	48.4919690408197
"449"	283	"SMb20292"	299407	300391	244809	3647.98155607892
"450"	284	"SMb20293"	300702	301062	245792	57.1646341509709
"451"	1404	"SMb20698"	1498700	1500353	246158.5	47.6371951258091
"452"	285	"SMb20294"	301193	301895	246454	220.719004132139
"453"	286	"SMb20295"	301923	302895	247319	317.276026024046
"454"	1403	"SMb20697"	1496854	1498549	247983.5	619.8158783094
"455"	287	"SMb20296"	302950	303469	248119.5	52.0853679215731
"456"	288	"SMb20297"	303469	304750	249019.5	88.9227642244808
"457"	1402	"SMb20696"	1496267	1496753	249175	3815.73932942964
"458"	1401	"SMb20695"	1495764	1496271	249667.5	1367.24090780298
"459"	1400	"SMb20694"	1495507	1495684	250089.5	51.2629386925565
"460"	289	"SMb20298"	304746	305682	250124	83.1290897751581
"461"	290	"SMb20299"	305695	306595	251055	247.71341459203
"462"	1399	"SMb20692"	1494125	1494932	251156.5	632.837220183093
"463"	1398	"SMb20691"	1493594	1493816	251980	19.0548780503236
"464"	1397	"SMb20690"	1493216	1493543	252305.5	56.8048780119625
"465"	291	"SMb20300"	306931	308845	252798	437.813206185279
"466"	1396	"SMb20689"	1492446	1493220	252852	160.716240214978
"467"	1395	"SMb20688"	1491797	1492439	253567	214.367378105002
"468"	292	"SMb20301"	308841	309972	254316.5	74.6316056945102
"469"	1394	"SMb20687"	1490710	1491796	254432	800.810231470949
"470"	293	"SMb20302"	310119	310281	255110	4.76371951258091
"471"	1393	"SMb20686"	1489826	1490711	255416.5	1892.57227772852
"472"	294	"SMb20303"	310477	310705	255501	585.937500070768
"473"	295	"SMb20304"	310761	311358	255969.5	16.6258179582181
"474"	296	"SMb20306"	311001	311373	256097	0
"475"	297	"SMb20305"	311300	311708	256414	0
"476"	298	"SMb20307"	311800	312448	257034	691.356930044122
"477"	1392	"SMb20685"	1487277	1489734	257179.5	1069.59428847011
"478"	299	"SMb20312"	312526	314614	258480	1240.0089224582
"479"	1391	"SMb20684"	1486403	1487240	258863.5	1020.87321121225
"480"	1390	"SMb20683"	1485369	1486269	259866	164.872694780211
"481"	300	"SMb20313"	314727	315411	259979	216.135633409038
"482"	301	"SMb20314"	315379	316372	260785.5	268.239644716274
"483"	1389	"SMb20682"	1484421	1485243	260853	457.209993731504
"484"	302	"SMb20315"	316762	317749	262165.5	80.7323202808094
"485"	1388	"SMb20681"	1482467	1484252	262325.5	77.587150455752
"486"	303	"SMb20316"	317828	318830	263239	520.853679215731
"487"	1387	"SMb20680"	1481597	1482413	263680	45.7209993731504
"488"	1386	"SMb20679"	1480707	1481592	264535.5	59.8981731090187
"489"	304	"SMb20317"	318947	320498	264632.5	362.04268292506
"490"	1385	"SMb20678"	1479324	1480593	265726.5	18.2298787654373
"491"	305	"SMb20318"	320499	321531	265925	167.643664384151
"492"	1384	"SMb20677"	1478785	1479277	266654	15.6256103748912
"493"	306	"SMb20319"	321581	322799	267100	221.677572776241
"494"	1383	"SMb20676"	1477766	1478687	267458.5	363.630589431845
"495"	1382	"SMb20675"	1477165	1477741	268232	436.674288588482
"496"	307	"SMb20320"	322939	323935	268347	156.256103748912
"497"	1381	"SMb20674"	1476113	1477133	269062	1114.6268734616
"498"	308	"SMb20321"	323963	325229	269506	162.101725016947
"499"	309	"SMb20322"	325228	325834	270441	40.1790600537444
"500"	1380	"SMb20673"	1474321	1475902	270573.5	523.457947558855
"501"	310	"SMb20323"	325921	326581	271161	141.323678855099
"502"	311	"SMb20324"	326602	327619	272020.5	223.063057578211
"503"	1379	"SMb20672"	1473002	1474325	272021.5	33.2516359164362
"504"	1378	"SMb20671"	1472037	1473006	273163.5	67.8887566507746
"505"	312	"SMb20325"	328097	329369	273643	460.95550605929
"506"	1377	"SMb20670"	1470643	1471921	274403	656.27563574543
"507"	313	"SMb20326"	329456	330443	274859.5	187.040451930376
"508"	1376	"SMb20669"	1469863	1470640	275433.5	195.353360901519
"509"	314	"SMb20327"	330442	331273	275767.5	168.318089408255
"510"	1375	"SMb20668"	1468946	1469852	276286	210.593694041835
"511"	315	"SMb20328"	331282	332311	276706.5	397.634146131535
"512"	1374	"SMb20667"	1467799	1468804	277383.5	223.967082092798
"513"	316	"SMb20329"	332476	333289	277792.5	342.214752937474
"514"	1373	"SMb20666"	1467105	1467783	278241	225.482723652492
"515"	317	"SMb20330"	333285	334383	278744	453.053539325595
"516"	1372	"SMb20665"	1466168	1466822	279190	7.93953251993189
"517"	318	"SMb20331"	334595	334952	279683.5	989.236168362619
"518"	1371	"SMb20664"	1465402	1466092	279938	1354.21956592929
"519"	1370	"SMb20663"	1464300	1465284	280893	307.303670653502
"520"	319	"SMb20332"	335643	336585	281024	55.5767276441866
"521"	1369	"SMb20662"	1463522	1464299	281774.5	135.421956592929
"522"	320	"SMb20333"	336728	338849	282698.5	685.814990676919
"523"	1368	"SMb20661"	1462370	1463438	282781	119.796346218037
"524"	1367	"SMb20660"	1460931	1462236	284101.5	164.068908936357
"525"	321	"SMb20334"	339464	340376	284830	1429.82034415184
"526"	1366	"SMb20659"	1459806	1460739	285412.5	133.006543649812
"527"	322	"SMb20335"	340596	341877	286146.5	2101.78048680906
"528"	1365	"SMb20658"	1458892	1459792	286343	158.860372092036
"529"	1364	"SMb20657"	1458228	1458885	287128.5	85.9408570619015
"530"	323	"SMb20336"	341926	342718	287232	1062.30945117342
"531"	1363	"SMb20656"	1457320	1458190	287930	80.9832317061033
"532"	324	"SMb20337"	342775	343387	287991	1184.58952926414
"533"	1362	"SMb20655"	1456573	1457050	288873.5	40.1790600537444
"534"	325	"SMb20338"	343484	344708	289006	289.073791935487
"535"	1361	"SMb20654"	1455984	1456380	289503	50.8130081238335
"536"	326	"SMb20339"	344796	345279	289947.5	77.8074186925346
"537"	327	"SMb20340"	345348	345528	290348	37.4080904020076
"538"	328	"SMb20341"	345732	345918	290735	44.4613821122404
"539"	1360	"SMb20652"	1453450	1455388	291266	3190.10416700015
"540"	329	"SMb20342"	346304	348518	292321	6075.35097852047
"541"	1359	"SMb20651"	1453157	1453424	292394.5	1197.96346218037
"542"	1358	"SMb20650"	1451582	1453130	293329	4417.55589503458
"543"	330	"SMb20343"	348519	348978	293658.5	1543.4301001439
"544"	1357	"SMb20649"	1450581	1451586	294601.5	2667.68292673442
"545"	331	"SMb20344"	349254	350211	294642.5	732.921474899836
"546"	1356	"SMb20648"	1449017	1450055	296149	282.638905178181
"547"	332	"SMb20345"	350347	353497	296832	4717.57584550498
"548"	1355	"SMb20647"	1448326	1448578	297233	187.507324498694
"549"	1354	"SMb21524"	1447280	1448030	298030	5122.58638280329
"550"	1353	"SMb21523"	1446367	1447183	298910	6237.22280903122
"551"	333	"SMb20346"	353525	354680	299012.5	2307.38179816535
"552"	1352	"SMb21522"	1446107	1446371	299446	2109.45740061031
"553"	334	"SMb20347"	354772	355381	299986.5	2036.5378860544
"554"	1351	"SMb21521"	1445256	1445715	300199.5	531.2707527463
"555"	1350	"SMb21520"	1444607	1445267	300748	809.832317061033
"556"	335	"SMb20348"	355567	356395	300891	142.70493745479
"557"	1349	"SMb21519"	1443138	1444611	301810.5	1010.45613768168
"558"	336	"SMb20349"	356463	357405	301844	144.090422288624
"559"	337	"SMb20350"	357570	358215	302802.5	33.3460365802942
"560"	1348	"SMb21518"	1442167	1442923	303140	55.5767276441866
"561"	338	"SMb20351"	358211	359762	303896.5	77.587150455752
"562"	1347	"SMb21517"	1441330	1442146	303947	66.6920731761327
"563"	1346	"SMb21516"	1440389	1441121	304930	385.431722527958
"564"	339	"SMb20352"	359761	360826	305203.5	88.6710290945641
"565"	1345	"SMb21515"	1439014	1440136	306110	1195.35919367918
"566"	340	"SMb20353"	360831	361866	306258.5	127.464604330406
"567"	1344	"SMb21514"	1438190	1439018	307081	882.87601621767
"568"	341	"SMb20354"	361862	363782	307732	239.773882058108
"569"	1343	"SMb21513"	1436756	1438067	308273.5	392.212906553963
"570"	342	"SMb20355"	363904	364663	309193.5	139.735772363859
"571"	1342	"SMb21512"	1435611	1436760	309499.5	580.751852372172
"572"	1341	"SMb21511"	1435306	1435552	310256	49.4810995152196
"573"	1340	"SMb21510"	1435167	1435293	310455	33.2516359164362
"574"	1339	"SMb21509"	1434923	1435436	310505.5	84.159044719672
"575"	343	"SMb20356"	364659	367413	310946	127.609151405483
"576"	1338	"SMb21508"	1433835	1434750	311392.5	625.635162584934
"577"	1337	"SMb21507"	1433138	1433795	312218.5	245.2308148877
"578"	344	"SMb20357"	367437	367803	312530	23.5532421114587
"579"	345	"SMb20358"	367811	369374	313502.5	94.2129684139701
"580"	1336	"SMb21506"	1431319	1432936	313557.5	1862.05190248095
"581"	1335	"SMb21505"	1429975	1431307	315044	242.949695071677
"582"	346	"SMb20359"	369490	370786	315048	372.410380654264
"583"	1334	"SMb21504"	1429227	1429983	316080	333.346354717037
"584"	347	"SMb20360"	370826	371558	316102	211.979179003129
"585"	348	"SMb20361"	371643	372441	316952	311.734086656843
"586"	1333	"SMb21503"	1427873	1429217	317140	661.484172589752
"587"	349	"SMb20362"	372531	373332	317841.5	130.235573982143
"588"	1332	"SMb21502"	1426472	1427642	318628	809.832317061033
"589"	350	"SMb20363"	373362	374424	318803	128.620426831912
"590"	1331	"SMb21501"	1426113	1426476	319390.5	212.779471598217
"591"	1330	"SMb21500"	1425014	1426058	320149	471.608231737738
"592"	351	"SMb20364"	374420	376649	320444.5	138.026224983475
"593"	1329	"SMb21499"	1422858	1425018	321747	817.771849594955
"594"	352	"SMb20365"	376823	377852	322247.5	575.54331552785
"595"	353	"SMb20366"	378029	379034	323441.5	601.585999433311
"596"	1328	"SMb21498"	1419622	1422856	324446	945.349427680917
"597"	354	"SMb20367"	379529	380222	324785.5	234.384155623368
"598"	355	"SMb20368"	380365	381379	325782	664.088440932876
"599"	1327	"SMb21497"	1418497	1419619	326627	927.119548962902
"600"	356	"SMb20369"	381384	382626	326915	512.893800758688
"601"	1326	"SMb21496"	1417561	1418203	327803	34.9339430870786
"602"	357	"SMb20370"	382622	383303	327872.5	239.688875520497
"603"	1325	"SMb21495"	1417061	1417565	328372	322.817965231925
"604"	358	"SMb20371"	383347	383794	328480.5	114.329268286398
"605"	1324	"SMb21689"	1416595	1416778	328998.5	275.711481168332
"606"	359	"SMb20372"	383817	385095	329366	98.9621990462466
"607"	1323	"SMb21494"	1415493	1416561	329658	5148.46162768041
"608"	360	"SMb20373"	385106	385574	330250	36.4597575466819
"609"	1322	"SMb21493"	1414905	1415367	330549	450.53843252872
"610"	361	"SMb20374"	385653	386646	331059.5	170.41463398809
"611"	1321	"SMb21492"	1414209	1414872	331144.5	431.910569068129
"612"	362	"SMb20375"	386666	387437	331961.5	255.218302842581
"613"	1320	"SMb21491"	1413436	1413967	331983.5	1091.18845789926
"614"	1319	"SMb21490"	1412660	1413416	332647	3544.4092872314
"615"	363	"SMb20376"	387640	388021	332740.5	60.3404471489953
"616"	364	"SMb20377"	388064	388448	333166	90.5106707312651
"617"	1318	"SMb22024"	1412123	1412525	333361	2653.39176863969
"618"	1317	"SMb21489"	1411494	1412127	333874.5	3261.55995902823
"619"	365	"SMb20378"	388481	389945	334123	254.065040619167
"620"	1316	"SMb21488"	1409488	1411498	335192	14777.0579269534
"621"	366	"SMb20379"	389954	391340	335557	261.856632829986
"622"	367	"SMb20380"	391370	392420	336805	166.730182901471
"623"	1315	"SMb21487"	1408290	1409451	336814.5	11472.6244920866
"624"	368	"SMb20381"	392435	393266	337760.5	96.8622967428582
"625"	1314	"SMb21486"	1406650	1407991	338364.5	604.992377996737
"626"	369	"SMb20382"	393262	394114	338598	92.0985772380495
"627"	1313	"SMb21485"	1406241	1406682	339223.5	212.779471598217
"628"	1312	"SMb21687"	1405904	1406099	339683.5	318.661510826016
"629"	370	"SMb20383"	394239	395313	339686	307.303670653502
"630"	1311	"SMb21484"	1405317	1405839	340107	268.784056999159
"631"	1310	"SMb21686"	1405093	1405279	340499	6.3516260162564
"632"	1309	"SMb21483"	1404795	1405077	340749	18.2298787654373
"633"	371	"SMb20384"	395418	396390	340814	351.576233435052
"634"	1308	"SMb21482"	1404400	1404703	341133.5	9.69839380816393
"635"	372	"SMb20385"	396403	397132	341677.5	289.073791935487
"636"	1307	"SMb21481"	1403627	1404104	341819.5	126.079119496572
"637"	1306	"SMb21480"	1403373	1403634	342181.5	335.950623060161
"638"	1305	"SMb21479"	1403026	1403329	342507.5	1769.26412796335
"639"	373	"SMb20386"	397128	398865	342906.5	475.221296635084
"640"	1304	"SMb21478"	1402092	1402710	343284	11.0838786372188
"641"	374	"SMb20387"	398866	399586	344136	190.111592841818
"642"	1303	"SMb21477"	1400898	1402077	344197.5	2.60426839528829
"643"	1302	"SMb21476"	1400598	1400946	344913	11.1153455288373
"644"	1301	"SMb21475"	1400395	1400599	345188	9.69839380816393
"645"	375	"SMb20388"	399979	400960	345379.5	124.693634662737
"646"	1300	"SMb21474"	1399296	1400079	345997.5	28.5823170754855
"647"	376	"SMb20389"	400974	402000	346397	138.026224983475
"648"	1299	"SMb21473"	1398865	1399300	346602.5	13.0213419796029
"649"	1298	"SMb21472"	1398285	1398825	347130	27.7096965970302
"650"	1297	"SMb21471"	1397993	1398242	347567.5	48.4919690408197
"651"	1296	"SMb21470"	1397734	1398016	347810	85.9408570619015
"652"	377	"SMb20390"	402435	403668	347961.5	127.032520325128
"653"	1295	"SMb21469"	1397115	1397625	348315	143.234761780374
"654"	1294	"SMb21468"	1395921	1397019	349215	290.586890275208
"655"	378	"SMb20391"	403649	405644	349556.5	160.378556874334
"656"	1293	"SMb21467"	1395369	1395714	350143.5	145.475907106527
"657"	379	"SMb20392"	405679	406387	350943	257.700178264752
"658"	1292	"SMb21466"	1393363	1395124	351441.5	1106.77083336338
"659"	380	"SMb20393"	406531	407788	352069.5	270.169541801129
"660"	1291	"SMb21465"	1392047	1393367	352978	929.723817306026
"661"	381	"SMb20394"	407811	409140	353385.5	267.398572197189
"662"	1290	"SMb21464"	1391173	1391947	354125	241.361788564893
"663"	382	"SMb20395"	409179	411429	355214	94.2129684139701
"664"	1289	"SMb21463"	1389574	1390960	355418	304.80666248767
"665"	1288	"SMb21462"	1388648	1389584	356569	205.051754833956
"666"	383	"SMb20396"	411472	412456	356874	15.6256103748912
"667"	384	"SMb20397"	412452	413019	357645.5	5.20853679215731
"668"	1287	"SMb21461"	1387350	1388613	357703.5	367.201843809943
"669"	385	"SMb20398"	413185	413680	358342.5	90.0565139283987
"670"	386	"SMb20399"	413763	414354	358968.5	67.8887566507746
"671"	1286	"SMb21460"	1386149	1387262	358979.5	148.443298561466
"672"	387	"SMb20400"	414363	414627	359405	18.0113027920527
"673"	388	"SMb20401"	414653	414827	359650	4.76371951258091
"674"	1285	"SMb21459"	1385259	1386153	359979	85.9000594428273
"675"	389	"SMb20402"	414970	416359	360574.5	8.31290897751581
"676"	1284	"SMb21458"	1384372	1385248	360875	77.8074186925346
"677"	390	"SMb20403"	416361	416859	361520	1.58790650367549
"678"	1283	"SMb21456"	1383790	1384228	361676	1122.64989843122
"679"	1282	"SMb21455"	1382139	1383507	362862	2578.22571185705
"680"	391	"SMb20404"	416858	419099	362888.5	60.9613324975339
"681"	1281	"SMb21454"	1381822	1382137	363705.5	95.5984532478047
"682"	1280	"SMb21452"	1381031	1381556	364391.5	26.0426839528829
"683"	392	"SMb20405"	419111	419891	364411	206.437239635925
"684"	1279	"SMb21450"	1380307	1380847	365108	38.7935752358422
"685"	1278	"SMb21449"	1379390	1380113	365933.5	54.6896363121192
"686"	393	"SMb20406"	420018	422133	365985.5	385.431722527958
"687"	1277	"SMb21448"	1378744	1379386	366620	36.4597575466819
"688"	1276	"SMb21447"	1376852	1378658	367930	48.4919690408197
"689"	394	"SMb20407"	422141	424343	368152	346.163617857217
"690"	395	"SMb20408"	424346	424844	369505	84.159044719672
"691"	1275	"SMb21446"	1374613	1376710	370023.5	284.23526424807
"692"	396	"SMb20409"	424840	425671	370165.5	96.8622967428582
"693"	397	"SMb20410"	425739	426678	371118.5	95.2743902516182
"694"	1274	"SMb21445"	1373478	1374621	371635.5	40.1790600537444
"695"	398	"SMb20411"	426693	426942	371727.5	99.7549077333761
"696"	399	"SMb20412"	426972	427137	371964.5	275.711481168332
"697"	400	"SMb20413"	427133	427361	372157	386.550267397128
"698"	401	"SMb20414"	427541	428015	372688	65.1067099059182
"699"	1273	"SMb21444"	1372330	1373074	372983	13.8548482969218
"700"	1272	"SMb21443"	1371998	1372313	373529.5	8.31290897751581
"701"	402	"SMb20415"	428014	429304	373569	104.170735843146
"702"	1271	"SMb21442"	1371497	1371947	373963	11.0838786372188
"703"	1270	"SMb21441"	1371044	1371485	374420.5	36.022605568173
"704"	403	"SMb20416"	429672	430965	375228.5	959.095528387876
"705"	1269	"SMb21440"	1370058	1370493	375409.5	533.411659433084
"706"	1268	"SMb21439"	1369357	1369750	376131.5	128.850089148308
"707"	404	"SMb20417"	431082	431964	376433	85.9408570619015
"708"	1267	"SMb21438"	1368223	1369222	376962.5	332.516359164362
"709"	405	"SMb20418"	431972	432821	377306.5	114.587809421138
"710"	1266	"SMb21437"	1367663	1368140	377783.5	46.8768311246736
"711"	406	"SMb20419"	432820	433870	378255	279.867935574241
"712"	1265	"SMb21436"	1366386	1367667	378658.5	119.092987806751
"713"	407	"SMb20420"	433991	434618	379214.5	206.42784557108
"714"	1264	"SMb21435"	1365105	1366350	379957.5	104.170735843146
"715"	408	"SMb20421"	434770	435847	380218.5	1.58790650367549
"716"	1263	"SMb21434"	1364129	1365050	381095.5	92.0985772380495
"717"	409	"SMb20422"	436048	437128	381498	307.303670653502
"718"	1262	"SMb21685"	1363964	1364120	381643	10.4170735843146
"719"	1261	"SMb21433"	1363047	1363857	382233	285.409874941444
"720"	410	"SMb20423"	437133	438510	382731.5	479.185384777305
"721"	1260	"SMb21432"	1362234	1362942	383097	221.677572776241
"722"	1259	"SMb21431"	1361809	1362232	383664.5	152.403331259767
"723"	411	"SMb20424"	438629	440126	384287.5	145.83903017092
"724"	1258	"SMb21430"	1360612	1361683	384537.5	167.643664384151
"725"	412	"SMb20425"	440289	440784	385446.5	69.8678861741571
"726"	1257	"SMb21429"	1359857	1360619	385447	166.673177279482
"727"	1256	"SMb21428"	1359269	1359833	386134	145.83903017092
"728"	413	"SMb20426"	440993	442274	386543.5	227.070630159277
"729"	1255	"SMb21427"	1358625	1359114	386815.5	408.870138090295
"730"	1254	"SMb21426"	1357783	1358626	387480.5	430.885782016106
"731"	414	"SMb20427"	442444	443230	387747	195.32012968614
"732"	1253	"SMb21425"	1357005	1357782	388291.5	595.758476796317
"733"	415	"SMb20428"	443288	444140	388624	188.960873996452
"734"	416	"SMb20429"	444242	444902	389482	84.5145746089927
"735"	1252	"SMb21424"	1355222	1356959	389594.5	269.944105687011
"736"	417	"SMb20430"	444904	445567	390145.5	157.202743860765
"737"	418	"SMb20431"	445566	446352	390869	122.400614608583
"738"	1251	"SMb21423"	1354224	1355220	390963	60.9613324975339
"739"	419	"SMb20432"	446348	447353	391760.5	161.464640593233
"740"	1250	"SMb21422"	1352735	1354232	392201.5	52.6484235263911
"741"	420	"SMb20433"	447349	448339	392754	196.900406530374
"742"	1249	"SMb21421"	1351677	1352739	393477	55.4193931781279
"743"	421	"SMb20434"	448383	449565	393884	374.080904020076
"744"	1248	"SMb21420"	1350176	1351604	394795	168.318089408255
"745"	422	"SMb20435"	449584	450580	394992	459.980963494768
"746"	1247	"SMb21684"	1349952	1350180	395619	36.022605568173
"747"	1246	"SMb21419"	1349043	1349931	396198	417.03093367776
"748"	423	"SMb20436"	450977	452252	396524.5	41.668294327774
"749"	1245	"SMb21418"	1347788	1349021	397280.5	1015.66467436793
"750"	424	"SMb20441"	452506	453247	397786.5	221.362813591601
"751"	1244	"SMb21417"	1346711	1347782	398438.5	897.167174778729
"752"	425	"SMb20442"	453286	454261	398683.5	338.058298372241
"753"	1243	"SMb21416"	1345947	1346715	399354	779.66209343213
"754"	426	"SMb20443"	454328	454901	399524.5	100.038109756427
"755"	427	"SMb20444"	454906	456313	400519.5	249.387269293609
"756"	1242	"SMb21415"	1344265	1345705	400700	242.196960810813
"757"	428	"SMb20445"	456312	457371	401751.5	259.085663066722
"758"	1241	"SMb21414"	1342801	1344223	402173	98.9621990462466
"759"	429	"SMb20446"	457380	458589	402894.5	583.289113259941
"760"	1240	"SMb21413"	1342161	1342728	403240.5	26.3242117631955
"761"	1239	"SMb21412"	1341716	1342142	403756	70.3152466870103
"762"	1238	"SMb21411"	1341242	1341656	404236	419.207317013854
"763"	430	"SMb20447"	458864	460559	404621.5	1934.13682178761
"764"	1237	"SMb21410"	1340161	1341031	405089	1437.05538615275
"765"	431	"SMb20448"	460634	461153	405803.5	587.445567825175
"766"	1236	"SMb22015"	1339397	1339769	406102	59.8981731090187
"767"	1235	"SMb21408"	1338965	1339325	406540	12.4693634662737
"768"	432	"SMb20449"	461269	462328	406708.5	1270.88297721051
"769"	1234	"SMb21407"	1338041	1338860	407234.5	16.6258179582181
"770"	1233	"SMb21406"	1337145	1338030	408097.5	7.81280518744559
"771"	433	"SMb20450"	462324	464685	408414.5	2158.93849960389
"772"	1232	"SMb21405"	1336322	1336976	409036	38.7935752358422
"773"	1231	"SMb21404"	1335894	1336335	409570.5	23.4384155623368
"774"	434	"SMb20451"	464689	465253	409881	950.442593110844
"775"	1230	"SMb21403"	1335357	1335813	410100	87.3348577176964
"776"	435	"SMb20452"	465267	465606	410346.5	1215.07019554477
"777"	436	"SMb20453"	465641	466553	411007	781.413443924723
"778"	437	"SMb20454"	466833	467253	411953	57.2939047184726
"779"	1229	"SMb21402"	1332768	1333932	412335	838.218321920754
"780"	438	"SMb20455"	467357	467972	412574.5	203.252032557511
"781"	439	"SMb20456"	468076	468823	413359.5	531.9486788401
"782"	1228	"SMb21401"	1331869	1332220	413640.5	23.5532421114587
"783"	1227	"SMb21400"	1331584	1331821	413982.5	54.6896363121192
"784"	1226	"SMb21683"	1331307	1331499	414282	74.6316056945102
"785"	440	"SMb20457"	468903	470052	414387.5	547.827743907944
"786"	1225	"SMb21399"	1330867	1331272	414615.5	123.856707311559
"787"	1224	"SMb21398"	1330312	1330531	415263.5	4.76371951258091
"788"	1223	"SMb21397"	1330045	1330282	415521.5	3.17581300890542
"789"	441	"SMb20458"	470411	471458	415844.5	132.817688186575
"790"	1222	"SMb21396"	1329333	1329780	416128.5	96.8622967428582
"791"	1221	"SMb21395"	1328741	1329278	416675.5	46.0492886190247
"792"	442	"SMb20459"	471457	472444	416860.5	96.8622967428582
"793"	1220	"SMb20922"	1327662	1328715	417496.5	11.0838786372188
"794"	1219	"SMb20921"	1327535	1327778	418028.5	1.58790650367549
"795"	443	"SMb20460"	472440	474306	418283	46.8768311246736
"796"	1218	"SMb20920"	1327058	1327481	418415.5	19.3967876099549
"797"	1217	"SMb20919"	1326278	1327109	418991.5	0
"798"	444	"SMb20461"	474316	474925	419530.5	37.4080904020076
"799"	1216	"SMb20918"	1325889	1326282	419599.5	0
"800"	445	"SMb20462"	474921	475899	420320	90.5106707312651
"801"	1215	"SMb20916"	1324614	1324875	420940.5	95.2743902516182
"802"	446	"SMb20463"	475898	476408	421063	120.680894313535
"803"	447	"SMb20464"	476596	476899	421657.5	288.998983768423
"804"	1214	"SMb20915"	1322895	1324509	421983	1630.71564457988
"805"	448	"SMb20465"	477064	478135	422509.5	65.1067099059182
"806"	1213	"SMb20914"	1321683	1322694	423496.5	279.867935574241
"807"	449	"SMb20466"	478309	479467	423798	1132.85675217961
"808"	1212	"SMb21682"	1321480	1321666	424112	88.6710290945641
"809"	1211	"SMb20913"	1320885	1321488	424498.5	184.197154476099
"810"	1210	"SMb20912"	1319809	1320904	425328.5	49.2251016325935
"811"	450	"SMb20467"	479715	481539	425537	738.46341426704
"812"	1209	"SMb20911"	1319579	1319786	426002.5	83.1290897751581
"813"	1208	"SMb20910"	1319046	1319355	426484.5	66.50327181694
"814"	451	"SMb20468"	481535	482180	426767.5	336.636178816511
"815"	1207	"SMb20909"	1318694	1318988	426844	22.2306910638924
"816"	1206	"SMb21681"	1318406	1318583	427190.5	6.92742414846092
"817"	1205	"SMb21680"	1318156	1318312	427451	15.6256103748912
"818"	1204	"SMb20908"	1317787	1318126	427728.5	91.149393858801
"819"	452	"SMb20469"	482209	483538	427783.5	206.42784557108
"820"	1203	"SMb20907"	1317257	1317563	428275	63.516260162564
"821"	1202	"SMb20906"	1316959	1317265	428573	44.2725627341275
"822"	453	"SMb20470"	483954	484386	429080	42.873475605456
"823"	454	"SMb20471"	484416	484566	429401	13.0213419796029
"824"	1201	"SMb20905"	1315296	1316469	429802.5	109.379272624238
"825"	455	"SMb20472"	484579	486412	430405.5	159.330755413008
"826"	1200	"SMb21712"	1315181	1315258	430465.5	177.090250968125
"827"	1199	"SMb20904"	1314214	1315000	431078	84.159044719672
"828"	456	"SMb20473"	486726	487224	431885	67.8887566507746
"829"	1198	"SMb20903"	1312838	1314200	432166	85.9000594428273
"830"	457	"SMb20474"	487780	488002	432801	34.6371207343384
"831"	458	"SMb20475"	487988	488483	433145.5	65.1041666693484
"832"	1197	"SMb20902"	1311685	1312723	433481	132.817688186575
"833"	459	"SMb20476"	488822	490388	434515	513.040874028285
"834"	1196	"SMb20901"	1310088	1311300	434991	57.2939047184726
"835"	1195	"SMb21679"	1309774	1309963	435816.5	22.1677572776241
"836"	460	"SMb20477"	490465	491413	435849	95.2743902516182
"837"	1194	"SMb20900"	1307830	1309765	436887.5	175.956573355294
"838"	461	"SMb20478"	491409	493212	437220.5	203.252032557511
"839"	1193	"SMb20899"	1306774	1307767	438414.5	1640.41403899029
"840"	462	"SMb20479"	493208	494006	438517	192.136687010021
"841"	1192	"SMb21678"	1306332	1306524	439257	74.8161808040152
"842"	463	"SMb20480"	494012	494795	439313.5	149.63236160803
"843"	1191	"SMb20898"	1305869	1306280	439610.5	404.561570300708
"844"	1190	"SMb20897"	1305413	1305866	440045.5	377.618917340513
"845"	464	"SMb20481"	494918	496694	440716	678.887566507746
"846"	1189	"SMb20896"	1304440	1305349	440790.5	393.800813060748
"847"	1188	"SMb20895"	1303026	1304094	442125	1805.44969526039
"848"	465	"SMb20482"	496695	498483	442499	593.773194245865
"849"	1187	"SMb20894"	1301298	1302819	443626.5	1366.08804198663
"850"	466	"SMb20483"	498490	499561	443935.5	182.298787654373
"851"	1186	"SMb20893"	1300084	1301299	444993.5	1197.05889280051
"852"	467	"SMb20484"	499834	500827	445240.5	277.096965970302
"853"	1185	"SMb20892"	1298942	1299938	446245	1224.76858931788
"854"	468	"SMb20485"	500932	502462	446607	117.766210525429
"855"	1184	"SMb20891"	1297432	1298866	447536	2064.2784557108
"856"	469	"SMb20486"	502454	503456	447865	57.1646341509709
"857"	470	"SMb20487"	503452	504451	448861.5	76.2016656219174
"858"	1183	"SMb20890"	1295634	1297374	449181	2479.26351228916
"859"	471	"SMb20488"	504453	505302	449787.5	217.521118211008
"860"	1182	"SMb20889"	1294747	1295452	450585.5	225.834027182151
"861"	472	"SMb20489"	505346	506819	450992.5	211.979179003129
"862"	1181	"SMb20888"	1293833	1294652	451442.5	942.745159337793
"863"	473	"SMb20490"	506811	507510	452070.5	211.191565091433
"864"	1180	"SMb20887"	1292875	1293817	452339	720.45211136346
"865"	474	"SMb22020"	507617	508478	452957.5	250.009765998259
"866"	1179	"SMb20886"	1291461	1292871	453519	1625.173705372
"867"	475	"SMb20491"	508666	509245	453865.5	49.8774538746543
"868"	476	"SMb20492"	509566	510469	454927.5	133.384146336721
"869"	1178	"SMb20885"	1290166	1291087	455058.5	400.405115735474
"870"	1177	"SMb20884"	1289683	1290118	455784.5	362.997025285669
"871"	477	"SMb20493"	510583	511318	455860.5	77.8074186925346
"872"	1176	"SMb20883"	1289173	1289641	456278	39.064025937228
"873"	478	"SMb20494"	511440	512337	456798.5	119.796346218037
"874"	1175	"SMb20882"	1288540	1288990	456920	37.4080904020076
"875"	1174	"SMb20881"	1288030	1288492	457424	225.482723652492
"876"	1173	"SMb20880"	1286261	1287773	458668	2520.93180767602
"877"	479	"SMb20495"	513217	514921	458979	167.643664384151
"878"	1172	"SMb20879"	1285210	1285663	460248.5	637.323021652031
"879"	1171	"SMb20878"	1284473	1285190	460853.5	390.64025937228
"880"	480	"SMb20496"	515353	516964	461068.5	241.361788564893
"881"	1170	"SMb20877"	1283303	1284434	461816.5	708.361003714425
"882"	481	"SMb20497"	516972	518502	462647	123.856707311559
"883"	1169	"SMb20876"	1282354	1283152	462932	849.302200495836
"884"	482	"SMb20498"	518532	519375	463863.5	90.5106707312651
"885"	1168	"SMb20875"	1281347	1282277	463873	1746.69715435393
"886"	1167	"SMb20874"	1280844	1281348	464589	802.195716432243
"887"	1166	"SMb20873"	1280235	1280748	465193.5	697.943930183855
"888"	483	"SMb20499"	519441	521175	465218	74.6316056945102
"889"	1165	"SMb20872"	1279078	1279468	466412	177.090250968125
"890"	484	"SMb20500"	521186	522182	466594	226.571350435922
"891"	1164	"SMb20871"	1278190	1278940	467120	85.9408570619015
"892"	485	"SMb20501"	522178	523183	467590.5	123.856707311559
"893"	1163	"SMb20870"	1277199	1278096	468037.5	247.71341459203
"894"	486	"SMb20502"	523184	524177	468590.5	85.7469512264564
"895"	1162	"SMb20869"	1276479	1277181	468855	342.214752937474
"896"	487	"SMb20503"	524196	525735	469875.5	95.5984532478047
"897"	488	"SMb20504"	525800	526802	471211	166.730182901471
"898"	1161	"SMb20868"	1272316	1276006	471524	656.719809198257
"899"	489	"SMb20505"	527072	527861	472376.5	123.856707311559
"900"	490	"SMb20506"	527904	528858	473291	125.444613818344
"901"	1160	"SMb20867"	1271770	1272121	473739.5	4.1564544887579
"902"	1159	"SMb20866"	1270797	1271715	474429	77.587150455752
"903"	491	"SMb20507"	528860	530387	474533.5	226.571350435922
"904"	1158	"SMb20865"	1269898	1270651	475410.5	44.4613821122404
"905"	492	"SMb20508"	530451	531435	475853	315.993394383757
"906"	1157	"SMb20864"	1269409	1269835	476063	56.8048780119625
"907"	1156	"SMb20863"	1268305	1269337	476864	69.2742414846092
"908"	493	"SMb20509"	531623	532391	476917	354.684116314527
"909"	494	"SMb20510"	532437	533586	477921.5	552.104899965513
"910"	1155	"SMb20862"	1267540	1267981	477924.5	10.4170735843146
"911"	1154	"SMb20861"	1266195	1267401	478887	50.8130081238335
"912"	495	"SMb20511"	533616	534396	478916	306.465955343051
"913"	496	"SMb22021"	534744	534999	479781.5	109.379272624238
"914"	1153	"SMb20860"	1265266	1266097	480003.5	95.2743902516182
"915"	497	"SMb20513"	535093	536020	480466.5	320.325012685269
"916"	1152	"SMb21677"	1264908	1265277	480592.5	22.1677572776241
"917"	1151	"SMb20859"	1263876	1264827	481333.5	181.498512722497
"918"	498	"SMb20514"	536419	537637	481938	364.597575466819
"919"	1150	"SMb20858"	1262875	1263361	482567	15.6256103748912
"920"	1149	"SMb20857"	1262116	1262719	483267.5	139.933967787121
"921"	1148	"SMb20856"	1260904	1261873	484296.5	151.017846425933
"922"	499	"SMb20515"	537726	541212	484379	1657.03985661393
"923"	1147	"SMb20855"	1259302	1260817	485625.5	151.017846425933
"924"	500	"SMb20516"	541279	541606	486352.5	56.8048780119625
"925"	1146	"SMb20854"	1258310	1259306	486877	201.664126050727
"926"	501	"SMb20517"	542356	542647	487411.5	144.090422288624
"927"	1145	"SMb20853"	1257113	1258133	488062	195.353360901519
"928"	502	"SMb20518"	542828	543548	488098	5.54193931781279
"929"	503	"SMb20519"	543980	544349	489074.5	8.31290897751581
"930"	1144	"SMb20852"	1255540	1257070	489380	457.209993731504
"931"	1143	"SMb20851"	1254563	1255544	490631.5	274.707825207364
"932"	504	"SMb20520"	546126	546684	491315	20.7822724437895
"933"	1142	"SMb20850"	1253179	1254316	491937.5	751.079776465455
"934"	505	"SMb20521"	546976	548086	492441	62.3468173313685
"935"	1141	"SMb20849"	1251748	1253065	493278.5	463.559774402414
"936"	506	"SMb20522"	548377	548746	493471.5	46.8768311246736
"937"	1140	"SMb20848"	1250519	1251752	494549.5	353.298631512557
"938"	507	"SMb20523"	549219	550428	494733.5	515.645142371409
"939"	1139	"SMb20847"	1249531	1250431	495704	153.651835358366
"940"	508	"SMb20525"	550945	551554	496159.5	166.730182901471
"941"	1138	"SMb21676"	1249225	1249519	496313	73.0436991877258
"942"	509	"SMb20527"	552143	552578	497270.5	20.7822724437895
"943"	1137	"SMb20846"	1246622	1248959	497894.5	2612.08120047573
"944"	510	"SMb20528"	552657	553458	497967.5	41.564544887579
"945"	511	"SMb20529"	553444	554374	498819	62.3468173313685
"946"	512	"SMb20530"	554406	554745	499485.5	22.2306910638924
"947"	1136	"SMb21011"	1244927	1246415	500014	3480.69105758624
"948"	513	"SMb20531"	554979	555516	500157.5	70.6597263184438
"949"	514	"SMb20532"	555517	556156	500746.5	87.2855442607295
"950"	1135	"SMb21010"	1244107	1244884	501189.5	4290.84651693883
"951"	515	"SMb20533"	556744	556948	501756	1.38548482905489
"952"	1134	"SMb21009"	1242314	1243808	502624	2898.55072454232
"953"	516	"SMb20534"	557552	558362	502867	127.032520325128
"954"	517	"SMb20535"	558358	559369	503773.5	179.694519311249
"955"	1133	"SMb21008"	1241734	1242067	503784.5	260.426839528829
"956"	1132	"SMb21007"	1241318	1241738	504157	568.47052849614
"957"	1131	"SMb21006"	1241038	1241281	504525.5	339.811991830079
"958"	1130	"SMb21005"	1240561	1241029	504890	580.751852372172
"959"	518	"SMb20536"	559365	561219	505202	432.271266818076
"960"	1129	"SMb21004"	1240093	1240540	505368.5	465.2566057106
"961"	1128	"SMb21003"	1238941	1239985	506222	497.415263653394
"962"	519	"SMb20537"	561215	562244	506639.5	137.162998135384
"963"	1127	"SMb21002"	1238127	1238877	507183	915.805472424303
"964"	1126	"SMb21001"	1237675	1238050	507822.5	649.453760186699
"965"	520	"SMb20538"	562391	563678	507944.5	114.587809421138
"966"	1125	"SMb21000"	1236555	1237689	508563	3155.17022291823
"967"	1124	"SMb20999"	1235140	1236403	509913.5	1773.50677755015
"968"	521	"SMb20539"	564785	566660	510632.5	239.688875520497
"969"	1123	"SMb20998"	1234126	1235131	511056.5	395.848796216601
"970"	1122	"SMb20997"	1233382	1233967	512010.5	570.334778683528
"971"	522	"SMb20540"	567527	567749	512548	42.873475605456
"972"	1121	"SMb20996"	1232628	1233297	512722.5	1608.54928810825
"973"	1120	"SMb20995"	1231074	1232505	513895.5	2242.12398384887
"974"	523	"SMb20541"	568336	569989	514072.5	151.04756696782
"975"	1119	"SMb20994"	1230296	1230830	515122	695.503048728002
"976"	524	"SMb20542"	570051	570405	515138	7.81280518744559
"977"	525	"SMb20544"	570288	570705	515406.5	0
"978"	526	"SMb20543"	570401	570845	515533	0
"979"	1118	"SMb20993"	1228813	1230025	516266	349.142177106648
"980"	527	"SMb20545"	571437	571656	516456.5	98.9621990462466
"981"	528	"SMb20546"	571842	572361	517011.5	482.723577285228
"982"	1117	"SMb21674"	1228280	1228526	517282	501.545508350482
"983"	529	"SMb20547"	572517	572796	517566.5	7.81280518744559
"984"	1116	"SMb20992"	1226844	1228248	518139	1122.43967864904
"985"	530	"SMb20548"	573929	574424	519086.5	96.8622967428582
"986"	1115	"SMb20991"	1225247	1226711	519706	217.521118211008
"987"	531	"SMb20549"	576047	576365	521116	26.0426839528829
"988"	1114	"SMb20990"	1223682	1225119	521284.5	189.81142169364
"989"	532	"SMb20550"	576532	576778	521565	171.493902421824
"990"	533	"SMb20551"	576951	577398	522084.5	661.484172589752
"991"	1113	"SMb20989"	1222915	1223686	522384.5	59.8981731090187
"992"	534	"SMb20552"	578149	578881	523425	597.143961598287
"993"	1112	"SMb20988"	1221898	1222384	523544	47.1064842069851
"994"	535	"SMb20553"	578901	579096	523908.5	49.2251016325935
"995"	1111	"SMb20987"	1220791	1221874	524352.5	49.2251016325935
"996"	536	"SMb20554"	579453	579963	524618	96.8622967428582
"997"	537	"SMb20555"	579966	580188	524987	39.6976626074316
"998"	538	"SMb20556"	580644	581325	525894.5	1872.46897711804
"999"	1110	"SMb20986"	1218111	1220769	526245	343.763428247606
"1000"	539	"SMb20557"	582371	582707	527449	182.298787654373
"1001"	1109	"SMb20985"	1217770	1218109	527745.5	23.5532421114587
"1002"	540	"SMb20558"	583427	583838	528542.5	68.2799796673728
"1003"	1108	"SMb20984"	1215304	1217767	529149.5	69.2742414846092
"1004"	541	"SMb20559"	583970	584555	529172.5	82.5711382128876
"1005"	542	"SMb20560"	584681	584903	529702	81.7436049413234
"1006"	1107	"SMb20983"	1214957	1215320	530546.5	10.4170735843146
"1007"	543	"SMb20561"	585596	586055	530735.5	317.276026024046
"1008"	1106	"SMb20982"	1214651	1214912	530903.5	5.54193931781279
"1009"	544	"SMb20562"	586185	587100	531552.5	482.148720644933
"1010"	1105	"SMb20981"	1213596	1214574	531600	58.7525406577553
"1011"	1104	"SMb20980"	1212902	1213415	532526.5	8.31290897751581
"1012"	545	"SMb20563"	587214	588129	532581.5	742.216492807331
"1013"	1103	"SMb20979"	1211592	1212906	533436	67.8887566507746
"1014"	546	"SMb20803"	588359	589190	533684.5	690.13112499641
"1015"	1102	"SMb20978"	1210953	1211505	534456	33.2516359164362
"1016"	547	"SMb20804"	589232	589964	534508	362.997025285669
"1017"	548	"SMb20805"	590026	590932	535389	541.724568404227
"1018"	1101	"SMb20977"	1209651	1210719	535500	153.651835358366
"1019"	549	"SMb20806"	591059	591749	536314	3430.46043818656
"1020"	1100	"SMb20976"	1208874	1209621	536437.5	130.208333338697
"1021"	550	"SMb20807"	591881	593519	537610	583.356120715296
"1022"	1099	"SMb20975"	1207151	1208801	537709	376.851873624016
"1023"	551	"SMb20808"	593494	594271	538792.5	993.392622768528
"1024"	1098	"SMb20974"	1206457	1207126	538893.5	164.068908936357
"1025"	552	"SMb20809"	594507	595497	539912	768.944080388347
"1026"	1097	"SMb20973"	1203417	1206444	540754.5	492.206726809072
"1027"	553	"SMb20810"	595609	597643	541536	425.343842648903
"1028"	554	"SMb20811"	597788	598109	542858.5	850.68768545713
"1029"	1096	"SMb20972"	1202135	1203311	542962	59.5758476796317
"1030"	555	"SMb20812"	598174	599221	543607.5	705.211778223144
"1031"	1095	"SMb20971"	1200910	1202143	544158.5	165.142276394687
"1032"	1094	"SMb20970"	1199938	1200898	545267	60.9613324975339
"1033"	556	"SMb20813"	599851	601657	545664	835.970155056679
"1034"	1093	"SMb20969"	1199133	1199946	546145.5	44.3355145552483
"1035"	557	"SMb20814"	601994	602735	547274.5	502.930993152452
"1036"	1092	"SMb20968"	1197417	1199130	547411.5	245.2308148877
"1037"	558	"SMb20815"	602785	604453	548529	1669.50921903504
"1038"	1091	"SMb20967"	1196375	1197410	548792.5	356.784770279373
"1039"	559	"SMb20816"	604518	605808	550073	1539.12262192678
"1040"	1090	"SMb20966"	1194245	1196186	550469.5	797.129065006758
"1041"	560	"SMb20817"	605892	606924	551318	585.937500070768
"1042"	1089	"SMb20965"	1193138	1194137	552047.5	268.784056999159
"1043"	561	"SMb20818"	607129	608221	552585	120.537180177166
"1044"	1088	"SMb20964"	1192361	1193021	552994	1346.40676074184
"1045"	562	"SMb20819"	608263	608581	553332	57.2939047184726
"1046"	1087	"SMb20963"	1191951	1192257	553581	187.040451930376
"1047"	1086	"SMb20962"	1191116	1191917	554168.5	712.139202392317
"1048"	563	"SMb20820"	608690	609920	554215	95.5984532478047
"1049"	564	"SMb20821"	610000	610801	555310.5	62.5024414995647
"1050"	1085	"SMb20961"	1188397	1190758	556107.5	1333.38541871007
"1051"	565	"SMb20822"	611045	611870	556367.5	530.64068966982
"1052"	566	"SMb20823"	611879	612911	557305	1054.35395532979
"1053"	1084	"SMb20960"	1187437	1188343	557795	755.237834839099
"1054"	1083	"SMb20959"	1186386	1187433	558775.5	312.512207497824
"1055"	567	"SMb20824"	613521	615858	559599.5	4506.98215082584
"1056"	1082	"SMb20958"	1185460	1186390	559760	187.372967489668
"1057"	1081	"SMb20957"	1184468	1185461	560720.5	406.265869747171
"1058"	568	"SMb20825"	616022	616793	561317.5	405.947055102678
"1059"	1080	"SMb20956"	1183260	1184472	561819	698.678861741571
"1060"	569	"SMb20826"	616860	617394	562037	140.630493374021
"1061"	570	"SMb20827"	617617	618205	562821	111.983541030592
"1062"	1079	"SMb20955"	1182355	1183165	562925	225.834027182151
"1063"	571	"SMb20828"	618427	618703	563475	22.2306910638924
"1064"	572	"SMb21663"	618699	619116	563817.5	5.54193931781279
"1065"	1078	"SMb20954"	1181237	1182350	563891.5	268.784056999159
"1066"	573	"SMb21664"	619215	619485	564260	2.60426839528829
"1067"	574	"SMb21665"	619542	619899	564630.5	15.2403331259767
"1068"	1077	"SMb20953"	1180715	1181099	564778	41.564544887579
"1069"	1076	"SMb20952"	1180367	1180625	565189	106.38973576802
"1070"	1075	"SMb20951"	1179772	1180348	565625	606.8423553714
"1071"	575	"SMb20829"	619945	621625	565695	192.582391297579
"1072"	1074	"SMb21673"	1179422	1179659	566144.5	90.5106707312651
"1073"	1073	"SMb20950"	1177909	1179394	567033.5	549.500631622389
"1074"	576	"SMb20830"	621884	622898	567301	396.248661329565
"1075"	577	"SMb20831"	622972	623926	568359	3084.08923132115
"1076"	1072	"SMb21690"	1176825	1177785	568380	976.600648430699
"1077"	1071	"SMb20949"	1175761	1176712	569448.5	617.211609808202
"1078"	578	"SMb20832"	624305	624965	569545	1064.0523491029
"1079"	579	"SMb20833"	624961	625741	570261	450.53843252872
"1080"	1070	"SMb20948"	1174742	1175771	570428.5	492.206726809072
"1081"	1069	"SMb20947"	1174311	1174608	571225.5	800.810231470949
"1082"	580	"SMb20834"	625737	627036	571296.5	1263.97357722414
"1083"	1068	"SMb20946"	1172858	1173539	572486.5	453.142700871844
"1084"	581	"SMb20835"	627124	628120	572532	701.055323817235
"1085"	582	"SMb20836"	628100	628430	573175	19.3967876099549
"1086"	1067	"SMb20945"	1171540	1172806	573512	1122.43967864904
"1087"	583	"SMb20837"	628970	629195	573992.5	73.4306959701806
"1088"	584	"SMb20838"	629244	630306	574685	38.1097561006473
"1089"	1066	"SMb20944"	1170225	1171533	574806	643.254293871736
"1090"	585	"SMb20839"	630968	631178	575983	19.0548780503236
"1091"	1065	"SMb20943"	1169221	1170175	575987	369.806112153067
"1092"	586	"SMb20840"	631204	631897	576460.5	38.7935752358422
"1093"	1064	"SMb20942"	1168149	1169136	577042.5	1789.57063019255
"1094"	587	"SMb20841"	631878	633090	577394	36.4597575466819
"1095"	588	"SMb20842"	633437	634667	578962	72.9195150933638
"1096"	1063	"SMb20941"	1165802	1167617	578975.5	494.810995152196
"1097"	589	"SMb20843"	634670	636197	580343.5	39.6976626074316
"1098"	1062	"SMb20940"	1164947	1165658	580382.5	127.032520325128
"1099"	1061	"SMb20939"	1164591	1164951	580914	101.626016263211
"1100"	1060	"SMb20938"	1163857	1164595	581459	289.566329347354
"1101"	590	"SMb21013"	636622	637090	581766	98.9621990462466
"1102"	591	"SMb21014"	637295	637676	582395.5	8.31290897751581
"1103"	1059	"SMb20937"	1161990	1163811	582784.5	1295.42831565226
"1104"	592	"SMb21015"	638048	639299	583583.5	174.669715435393
"1105"	1058	"SMb20936"	1161364	1161952	584027	247.405497655135
"1106"	1057	"SMb20935"	1160891	1161143	584668	281.253420376211
"1107"	593	"SMb21016"	639363	640395	584789	179.694519311249
"1108"	1056	"SMb20934"	1160416	1160953	585000.5	232.761451351324
"1109"	594	"SMb21017"	640397	641411	585814	92.0985772380495
"1110"	1055	"SMb20933"	1157696	1160420	586627	192.715861343016
"1111"	595	"SMb21018"	641407	642439	586833	108.067816704519
"1112"	596	"SMb21019"	642431	643949	588100	140.630493374021
"1113"	1054	"SMb20932"	1156119	1157517	588867	544.651930894375
"1114"	597	"SMb21021"	644174	645122	589558	171.881714123803
"1115"	1053	"SMb20931"	1154869	1156054	590223.5	473.83581167379
"1116"	598	"SMb21022"	645126	646725	590835.5	435.086382081698
"1117"	1052	"SMb20930"	1153919	1154660	591395.5	133.006543649812
"1118"	599	"SMb21023"	646728	647043	591795.5	98.4502032496426
"1119"	600	"SMb21024"	647211	647379	592205	47.1064842069851
"1120"	1051	"SMb20929"	1152892	1153891	592293.5	75.5237834839099
"1121"	601	"SMb21025"	647390	647810	592510	116.380725691594
"1122"	602	"SMb21026"	647953	648091	592932	76.2016656219174
"1123"	1050	"SMb20928"	1151587	1152838	593472.5	109.565548781589
"1124"	603	"SMb21027"	648787	649504	594055.5	33.3460365802942
"1125"	1049	"SMb20927"	1150930	1151413	594513.5	26.0426839528829
"1126"	604	"SMb21028"	649718	649880	594709	23.8185975551324
"1127"	1048	"SMb20926"	1150421	1150922	595013.5	26.0426839528829
"1128"	605	"SMb21029"	649977	650502	595149.5	92.0985772380495
"1129"	606	"SMb21030"	650646	651096	595781	74.6316056945102
"1130"	1047	"SMb20925"	1149181	1150300	595944.5	96.9839380816393
"1131"	607	"SMb21031"	651107	651719	596323	23.4384155623368
"1132"	1046	"SMb21672"	1148913	1149081	596688	7.93953251993189
"1133"	608	"SMb21032"	651739	652156	596857.5	15.2403331259767
"1134"	1045	"SMb20924"	1147360	1148881	597564.5	1059.13363815985
"1135"	609	"SMb21034"	652629	652914	597681.5	20.642784557108
"1136"	610	"SMb21035"	653579	653798	598598.5	356.069601275821
"1137"	1044	"SMb21605"	1146210	1147299	598930.5	357.45508607779
"1138"	611	"SMb21036"	653936	654485	599120.5	33.3460365802942
"1139"	1043	"SMb21604"	1144861	1146124	600192.5	373.158028472551
"1140"	612	"SMb21037"	654647	656243	600355	33.8554891403285
"1141"	1042	"SMb21603"	1143907	1144783	601340	171.800118949384
"1142"	613	"SMb21038"	656249	657227	601648	15.2403331259767
"1143"	1041	"SMb21602"	1143079	1143904	602193.5	138.548482969218
"1144"	614	"SMb21039"	657240	658116	602588	13.0213419796029
"1145"	1040	"SMb21601"	1142032	1142953	603192.5	166.673177279482
"1146"	615	"SMb21040"	658112	659786	603859	39.064025937228
"1147"	1039	"SMb21600"	1140560	1141751	604529.5	423.971036534207
"1148"	1038	"SMb21599"	1140174	1140474	605361	41.2855690986717
"1149"	616	"SMb21041"	659873	661109	605401	70.6597263184438
"1150"	1037	"SMb21598"	1138923	1139973	606237	227.21951198412
"1151"	617	"SMb21042"	661225	662467	606756	34.6371207343384
"1152"	1036	"SMb21597"	1137658	1138690	607511	60.9613324975339
"1153"	618	"SMb21043"	663076	663646	608271	5.20853679215731
"1154"	1035	"SMb21596"	1136742	1137645	608491.5	82.5711382128876
"1155"	1034	"SMb21595"	1135445	1136678	609623.5	80.7323202808094
"1156"	619	"SMb21044"	663821	665732	609686.5	238.185975551324
"1157"	1033	"SMb21594"	1134373	1135276	610860.5	52.6484235263911
"1158"	620	"SMb21695"	666453	666726	611499.5	29.0951814149323
"1159"	1032	"SMb21593"	1133549	1134377	611722	67.8887566507746
"1160"	621	"SMb21698"	667136	667616	612286	38.7935752358422
"1161"	1031	"SMb21592"	1132401	1133553	612708	163.487209818917
"1162"	1030	"SMb21591"	1131521	1132256	613796.5	46.8768311246736
"1163"	622	"SMb21662"	669333	669843	614498	41.564544887579
"1164"	1029	"SMb21590"	1130535	1131504	614665.5	29.0951814149323
"1165"	1028	"SMb21589"	1129513	1130539	615659	15.2403331259767
"1166"	1027	"SMb21588"	1127999	1129517	616927	47.1064842069851
"1167"	623	"SMb21696"	672635	673517	617986	20.8341471717907
"1168"	1026	"SMb21587"	1126894	1127857	618309.5	31.2512207497824
"1169"	624	"SMb21697"	673503	674031	618677	31.2512207497824
"1170"	1025	"SMb21586"	1125696	1126743	619465.5	31.8661510826016
"1171"	625	"SMb21661"	674573	674957	619675	38.1097561006473
"1172"	626	"SMb21711"	674929	675061	619905	6.92742414846092
"1173"	1024	"SMb21585"	1123795	1125682	620946.5	174.669715435393
"1174"	627	"SMb21045"	675572	676832	621112	0
"1175"	628	"SMb21046"	676927	677401	622074	39.064025937228
"1176"	1023	"SMb21584"	1122941	1123799	622315	44.4613821122404
"1177"	1022	"SMb21583"	1122539	1122902	622964.5	17.4669715435393
"1178"	1021	"SMb21582"	1121889	1122522	623479.5	17.4669715435393
"1179"	1020	"SMb21581"	1120702	1121794	624437	119.151695343331
"1180"	629	"SMb21047"	679968	680235	625011.5	60.3404471489953
"1181"	1019	"SMb21580"	1119991	1120438	625470.5	248.00178449164
"1182"	1018	"SMb21579"	1119501	1119945	625962	401.790600537444
"1183"	630	"SMb21048"	680361	681807	625994	190.111592841818
"1184"	631	"SMb21049"	681852	682011	626841.5	11.0838786372188
"1185"	1017	"SMb21578"	1116958	1119442	627485	1325.90898193289
"1186"	632	"SMb21050"	682223	683777	627910	114.587809421138
"1187"	1016	"SMb21577"	1116174	1116675	629260.5	69.8678861741571
"1188"	633	"SMb21051"	683927	685277	629512	112.741361795157
"1189"	1015	"SMb21576"	1115393	1115759	630109	59.5758476796317
"1190"	1014	"SMb21575"	1114186	1115392	630896	176.257621942177
"1191"	634	"SMb21052"	685580	686546	630973	85.9000594428273
"1192"	1013	"SMb21574"	1113429	1113813	632064	26.0426839528829
"1193"	635	"SMb21053"	686565	687816	632100.5	166.730182901471
"1194"	636	"SMb21054"	687904	688522	633123	82.5711382128876
"1195"	1012	"SMb21573"	1112026	1113010	633167	117.766210525429
"1196"	637	"SMb21055"	688754	689339	633956.5	52.0853679215731
"1197"	1011	"SMb21572"	1110928	1111930	634256	806.352170838152
"1198"	1010	"SMb21571"	1110204	1110831	635167.5	214.367378105002
"1199"	638	"SMb21056"	689473	691801	635547	279.867935574241
"1200"	1009	"SMb21570"	1108026	1110063	636640.5	2928.91493031405
"1201"	639	"SMb21057"	691766	692645	637115.5	266.013087235895
"1202"	640	"SMb21058"	692697	692919	637718	15.8790650367549
"1203"	1008	"SMb21569"	1107380	1107980	638005	421.891480122062
"1204"	641	"SMb21059"	692942	693467	638114.5	24.9387269293609
"1205"	1007	"SMb21568"	1106875	1107148	638673.5	19.0548780503236
"1206"	642	"SMb21060"	693471	694521	638906	76.2195122012945
"1207"	1006	"SMb22023"	1106279	1106594	639248.5	5036.6550780335
"1208"	643	"SMb21061"	694543	695791	640077	181.498512722497
"1209"	1005	"SMb21566"	1104604	1106233	640266.5	22722.2417561222
"1210"	644	"SMb21062"	695812	697012	641322	200.528666530461
"1211"	1004	"SMb21565"	1103787	1104534	641524.5	398.453064559725
"1212"	1003	"SMb21564"	1103473	1103791	642053	67.8887566507746
"1213"	1002	"SMb21563"	1102977	1103343	642525	119.796346218037
"1214"	645	"SMb21063"	697070	698642	642766	317.720744342145
"1215"	1001	"SMb21562"	1102295	1102847	643114	160.716240214978
"1216"	1000	"SMb21561"	1101560	1102259	643775.5	203.252032557511
"1217"	646	"SMb21064"	698638	699172	643815	138.548482969218
"1218"	647	"SMb21065"	699187	700165	644586	153.651835358366
"1219"	999	"SMb21560"	1100293	1101556	644760.5	216.135633409038
"1220"	648	"SMb21066"	700161	701115	645548	206.437239635925
"1221"	998	"SMb21559"	1099120	1100011	646119.5	227.21951198412
"1222"	649	"SMb21067"	701130	702336	646643	182.883997524467
"1223"	997	"SMb21558"	1098298	1098922	647075	69.2742414846092
"1224"	996	"SMb21557"	1097324	1098302	647872	178.727542959233
"1225"	650	"SMb21068"	702644	703658	648061	406.504065115022
"1226"	995	"SMb21556"	1095102	1097328	649470	360.454776418276
"1227"	651	"SMb21069"	703974	705393	649593.5	559.735871148482
"1228"	994	"SMb21555"	1093240	1095022	651554	794.301860776327
"1229"	652	"SMb21070"	705773	707672	651632.5	340.829268135505
"1230"	993	"SMb21554"	1092198	1092741	653215.5	175.956573355294
"1231"	653	"SMb21071"	708085	708736	653320.5	181.498512722497
"1232"	654	"SMb21072"	708780	709035	653817.5	110.838786372188
"1233"	992	"SMb21552"	1091492	1091996	653941	78.9726352895866
"1234"	991	"SMb21551"	1090397	1091324	654824.5	59.8981731090187
"1235"	655	"SMb21073"	709462	710830	655056	196.900406530374
"1236"	990	"SMb21550"	1089131	1090373	655933	840.002540689936
"1237"	656	"SMb21074"	710901	711801	656261	93.7536622493471
"1238"	989	"SMb21549"	1088133	1089051	657093	729.195150933638
"1239"	657	"SMb21075"	712081	713314	657607.5	59.5758476796317
"1240"	658	"SMb21076"	713303	714437	658780	112.741361795157
"1241"	659	"SMb21077"	714586	714877	659641.5	15.6256103748912
"1242"	660	"SMb21078"	714875	716084	660389.5	120.680894313535
"1243"	988	"SMb21548"	1081399	1087924	661023.5	236.917905916557
"1244"	661	"SMb21079"	716512	717244	661788	59.8981731090187
"1245"	662	"SMb21080"	717544	718369	662866.5	30.1702235822698
"1246"	663	"SMb21081"	718405	719953	664089	54.0339083602257
"1247"	987	"SMb21547"	1080918	1081311	664570.5	44.4613821122404
"1248"	986	"SMb21546"	1079676	1080828	665433	288.180844545384
"1249"	664	"SMb21082"	719984	722288	666046	231.375966549354
"1250"	985	"SMb21545"	1078906	1079689	666387.5	155.614837353981
"1251"	984	"SMb21544"	1078419	1078818	667066.5	82.5711382128876
"1252"	665	"SMb21083"	722423	722867	667555	0
"1253"	666	"SMb21084"	722863	723217	667950	0
"1254"	667	"SMb21085"	723279	724932	669015.5	117.766210525429
"1255"	983	"SMb21543"	1074956	1078295	669059.5	314.405487876973
"1256"	668	"SMb21086"	725357	725834	670505.5	164.872694780211
"1257"	982	"SMb21542"	1072729	1074772	671934.5	90.5106707312651
"1258"	669	"SMb21087"	725978	730598	673198	23.4384155623368
"1259"	981	"SMb21541"	1071536	1072724	673555	70.6597263184438
"1260"	980	"SMb21540"	1070449	1071472	674724.5	131.796239829937
"1261"	979	"SMb21671"	1069738	1070227	675702.5	22.2306910638924
"1262"	670	"SMb21088"	730921	731137	675939	1.58790650367549
"1263"	978	"SMb21539"	1068274	1069732	676682	69.8678861741571
"1264"	671	"SMb21089"	731299	732370	676744.5	80.3581201234212
"1265"	672	"SMb21090"	732455	733592	677933.5	91.4419987622333
"1266"	977	"SMb21538"	1067003	1068278	678044.5	62.5024414995647
"1267"	976	"SMb21537"	1065824	1066976	679285	76.2195122012945
"1268"	673	"SMb21091"	733896	734907	679311.5	911.458333339789
"1269"	674	"SMb21092"	734911	735388	680059.5	372.410380654264
"1270"	675	"SMb21093"	735412	736315	680773.5	289.073791935487
"1271"	975	"SMb21536"	1064007	1065678	680842.5	91.4419987622333
"1272"	676	"SMb21094"	736509	737976	682152.5	36.022605568173
"1273"	974	"SMb21535"	1063029	1063899	682221	205.737203216709
"1274"	677	"SMb21095"	737972	738845	683318.5	20.642784557108
"1275"	973	"SMb21534"	1060536	1063014	683910	426.729327450873
"1276"	678	"SMb21096"	738853	739624	684148.5	26.3242117631955
"1277"	679	"SMb21097"	739673	740516	685004.5	49.2251016325935
"1278"	972	"SMb21533"	1059671	1060457	685621	588.831052627144
"1279"	680	"SMb21098"	740598	741396	685907	41.668294327774
"1280"	971	"SMb21532"	1058536	1059529	686652.5	30.480666248767
"1281"	681	"SMb21099"	741566	741989	686687.5	20.8341471717907
"1282"	682	"SMb21100"	741999	742878	687348.5	289.073791935487
"1283"	970	"SMb21531"	1057499	1058537	687667	45.7209993731504
"1284"	683	"SMb21101"	743135	743972	688463.5	469.679357267881
"1285"	969	"SMb21530"	1055663	1057439	689134	369.924449454842
"1286"	684	"SMb21102"	744022	744805	689323.5	302.03569288373
"1287"	685	"SMb21103"	744972	746292	690542	133.384146336721
"1288"	968	"SMb21529"	1054221	1055622	690763.5	47.1064842069851
"1289"	967	"SMb21670"	1053810	1054197	691681.5	10.4170735843146
"1290"	686	"SMb21104"	746361	747258	691719.5	41.668294327774
"1291"	966	"SMb21528"	1052866	1053694	692405	55.4193931781279
"1292"	687	"SMb21105"	747257	748124	692600.5	52.0853679215731
"1293"	965	"SMb21527"	1052061	1052874	693217.5	66.6920731761327
"1294"	688	"SMb21106"	748130	749228	693589	42.9500297214136
"1295"	964	"SMb21526"	1050953	1051973	694222	160.378556874334
"1296"	689	"SMb21107"	749229	750342	694695.5	66.6920731761327
"1297"	690	"SMb21108"	750354	750684	695429	48.4919690408197
"1298"	963	"SMb21525"	1049321	1050797	695626	315.116475840948
"1299"	691	"SMb21109"	750676	751759	696127.5	91.4419987622333
"1300"	962	"SMb21385"	1048340	1049276	696877	565.277810515686
"1301"	692	"SMb21110"	751760	752222	696901	343.763428247606
"1302"	693	"SMb21111"	752218	752953	697495.5	1520.89274320877
"1303"	961	"SMb21384"	1047362	1048106	697951	40.1790600537444
"1304"	694	"SMb21112"	752975	753821	698308	3257.27483395724
"1305"	960	"SMb21383"	1046368	1047259	698871.5	99.7549077333761
"1306"	695	"SMb21113"	753944	755222	699493	1809.44318801709
"1307"	959	"SMb21382"	1045610	1046132	699814	49.8774538746543
"1308"	958	"SMb21381"	1045259	1045598	700256.5	49.4810995152196
"1309"	957	"SMb21380"	1044638	1045232	700750	207.822724437895
"1310"	696	"SMb21114"	755266	756592	700839	671.901246120321
"1311"	956	"SMb21379"	1044181	1044556	701316.5	225.482723652492
"1312"	697	"SMb21115"	756617	757106	701771.5	101.626016263211
"1313"	955	"SMb21378"	1043583	1044042	701872.5	12.4693634662737
"1314"	698	"SMb21116"	757319	758051	702595	827.299288635661
"1315"	954	"SMb21377"	1042535	1043426	702704.5	176.257621942177
"1316"	699	"SMb21117"	758134	758593	703273.5	2703.23059485618
"1317"	953	"SMb21376"	1040922	1042434	704007	83.1290897751581
"1318"	700	"SMb21119"	758843	759380	704021.5	882.553836539731
"1319"	701	"SMb21120"	759357	759576	704376.5	507.832337183964
"1320"	702	"SMb21121"	759568	760732	705060	1835.61991842297
"1321"	952	"SMb21375"	1039963	1040926	705240.5	36.022605568173
"1322"	951	"SMb21374"	1038998	1039940	706216	57.1646341509709
"1323"	703	"SMb21122"	760759	762367	706473	1046.91589511771
"1324"	950	"SMb21373"	1037715	1038996	707329.5	84.5145746089927
"1325"	704	"SMb21123"	762381	762765	707483	369.924449454842
"1326"	949	"SMb21372"	1036545	1037604	708610.5	390.625000047179
"1327"	705	"SMb21124"	762781	764770	708685.5	1713.60860391949
"1328"	948	"SMb21371"	1036170	1036542	709329	71.4557926809415
"1329"	706	"SMb21125"	764766	765636	710111	645.635930623174
"1330"	947	"SMb21370"	1033637	1036163	710785	117.766210525429
"1331"	707	"SMb21126"	765632	766418	710935	637.323021652031
"1332"	708	"SMb21127"	766494	766866	711590	627.628683496845
"1333"	709	"SMb21128"	766872	767427	712059.5	309.9079391547
"1334"	946	"SMb21369"	1032567	1033641	712581	193.724593516805
"1335"	710	"SMb21129"	767562	768891	713136.5	759.245686615234
"1336"	945	"SMb21368"	1031580	1032564	713613	13.8548482969218
"1337"	711	"SMb21130"	769043	770147	714505	1596.4165261078
"1338"	944	"SMb21367"	1030459	1031584	714663.5	18.2298787654373
"1339"	943	"SMb21366"	1029887	1030469	715507	10.4170735843146
"1340"	712	"SMb21131"	770162	771044	715513	619.8158783094
"1341"	942	"SMb21669"	1029619	1029847	715952	9.69839380816393
"1342"	941	"SMb21365"	1029185	1029638	716273.5	42.9500297214136
"1343"	713	"SMb21132"	771027	771894	716370.5	1208.38053571094
"1344"	940	"SMb21364"	1027639	1029193	717269	110.838786372188
"1345"	714	"SMb21133"	771890	772916	717313	2711.04340004362
"1346"	939	"SMb21363"	1026536	1027631	718601.5	123.856707311559
"1347"	715	"SMb21134"	773180	774239	718619.5	1032.1861980203
"1348"	938	"SMb21668"	1026251	1026479	719320	17.4669715435393
"1349"	716	"SMb21135"	774395	775238	719726.5	1995.09815466752
"1350"	937	"SMb21362"	1025670	1026111	719794.5	111.153455288373
"1351"	936	"SMb21361"	1025046	1025547	720388.5	138.026224983475
"1352"	717	"SMb21136"	775277	775964	720530.5	361.993306965621
"1353"	935	"SMb21360"	1024798	1024981	720795.5	170.41463398809
"1354"	934	"SMb21359"	1024473	1024932	720982.5	326.974419797159
"1355"	718	"SMb21137"	775969	776629	721209	133.384146336721
"1356"	933	"SMb21358"	1023837	1024332	721600.5	12.4693634662737
"1357"	719	"SMb21138"	776642	777410	721936	169.90599591504
"1358"	932	"SMb21357"	1023266	1023785	722159.5	49.4810995152196
"1359"	720	"SMb21139"	777446	777830	722548	124.693634662737
"1360"	931	"SMb21356"	1022176	1023169	723012.5	93.6864837448338
"1361"	721	"SMb21140"	777826	778687	723166.5	396.976626074316
"1362"	930	"SMb21355"	1021062	1022082	724113	79.3953251993189
"1363"	722	"SMb21216"	778728	779811	724179.5	274.707825207364
"1364"	723	"SMb21217"	779807	780743	725185	200.528666530461
"1365"	929	"SMb21354"	1019494	1020904	725486	103.213922769996
"1366"	724	"SMb21218"	780745	781765	726165	273.11991870058
"1367"	928	"SMb21353"	1018486	1019464	726710	66.50327181694
"1368"	725	"SMb21219"	781767	782613	727100	65.1041666693484
"1369"	927	"SMb21352"	1017834	1018332	727602	36.4597575466819
"1370"	726	"SMb21220"	782612	783494	727963	80.7323202808094
"1371"	926	"SMb21351"	1016546	1017830	728497	146.087398375452
"1372"	727	"SMb21221"	783736	784975	729265.5	917.809959366926
"1373"	925	"SMb21350"	1015788	1016538	729522	69.2742414846092
"1374"	924	"SMb21349"	1014807	1015656	730453.5	288.998983768423
"1375"	728	"SMb21222"	785199	786429	730724	639.926321145993
"1376"	923	"SMb21348"	1014046	1014811	731256.5	254.929208660813
"1377"	922	"SMb21347"	1013698	1014037	731817.5	120.537180177166
"1378"	729	"SMb21223"	786636	787536	731996	3.17581300890542
"1379"	921	"SMb21346"	1012573	1013626	732585.5	489.602458465948
"1380"	730	"SMb21224"	787535	789437	733396	7.81280518744559
"1381"	920	"SMb21345"	1011366	1012350	733827	992.22625880559
"1382"	731	"SMb21225"	789433	790273	734763	66.6920731761327
"1383"	919	"SMb21344"	1009773	1011267	735165	177.090250968125
"1384"	732	"SMb21226"	790319	791060	735599.5	30.1702235822698
"1385"	918	"SMb21343"	1008767	1009772	736415.5	80.7323202808094
"1386"	733	"SMb21227"	791056	792049	736462.5	61.9283536557797
"1387"	917	"SMb21342"	1007762	1008761	737423.5	80.7323202808094
"1388"	734	"SMb21228"	792054	792990	737432	80.7323202808094
"1389"	916	"SMb21341"	1006860	1007709	738400.5	142.70493745479
"1390"	735	"SMb21229"	793075	794239	738567	108.067816704519
"1391"	915	"SMb21340"	1005763	1006831	739388	42.9500297214136
"1392"	736	"SMb21230"	794502	795585	739953.5	102.525877385113
"1393"	914	"SMb21339"	1005458	1005791	740060.5	8.31290897751581
"1394"	913	"SMb21338"	1004551	1005457	740681	88.9227642244808
"1395"	737	"SMb21231"	795653	796808	741140.5	54.6896363121192
"1396"	912	"SMb21337"	1003885	1004548	741468.5	20.8341471717907
"1397"	911	"SMb21336"	1002814	1003759	742398.5	34.6371207343384
"1398"	738	"SMb21232"	797064	799167	743025.5	203.666270031986
"1399"	910	"SMb21335"	1001487	1002567	743658	250.889227605599
"1400"	739	"SMb21233"	799169	800000	744494.5	0
"1401"	909	"SMb21334"	1000631	1001393	744673	72.045211136346
"1402"	740	"SMb21234"	799996	800389	745102.5	0
"1403"	908	"SMb21333"	1000123	1000483	745382	59.8981731090187
"1404"	907	"SMb21332"	999571	1000069	745865	44.2725627341275
"1405"	741	"SMb21235"	800869	801808	746248.5	201.664126050727
"1406"	906	"SMb21331"	998977	999298	746547.5	210.945740061031
"1407"	905	"SMb21330"	998536	998746	747044	26.9944105687011
"1408"	904	"SMb21329"	998150	998321	747449.5	101.566467436793
"1409"	742	"SMb21236"	802252	803104	747588	218.758545248477
"1410"	903	"SMb21328"	997273	998092	748002.5	65.1177869990378
"1411"	743	"SMb21237"	803186	804110	748558	264.627602433925
"1412"	902	"SMb21327"	996325	997228	748908.5	61.9283536557797
"1413"	744	"SMb21238"	804150	804381	749175.5	67.8887566507746
"1414"	745	"SMb21239"	804361	805600	749890.5	516.069613772257
"1415"	901	"SMb21326"	995258	996329	749891.5	128.620426831912
"1416"	900	"SMb21325"	994683	995247	750720	38.1097561006473
"1417"	899	"SMb21324"	993809	994691	751435	73.0436991877258
"1418"	746	"SMb21240"	805754	807743	751658.5	418.41641847973
"1419"	898	"SMb21323"	992614	993787	752484.5	158.860372092036
"1420"	747	"SMb21241"	808056	809349	753612.5	156.256103748912
"1421"	897	"SMb21322"	991455	992628	753643.5	229.175618779046
"1422"	748	"SMb21242"	809384	810509	754856.5	82.5711382128876
"1423"	896	"SMb21321"	990234	991413	754861.5	173.081808928608
"1424"	749	"SMb21243"	810684	811611	756057.5	127.464604330406
"1425"	895	"SMb21320"	987518	990200	756826	295.350609795561
"1426"	750	"SMb21244"	811841	813131	757396	102.525877385113
"1427"	894	"SMb21319"	986059	987532	758889.5	231.779887280244
"1428"	751	"SMb21245"	813620	814871	759155.5	249.387269293609
"1429"	752	"SMb21246"	814933	815626	760189.5	67.8887566507746
"1430"	893	"SMb21318"	984622	985876	760436	590.701219591121
"1431"	753	"SMb21247"	815666	816353	760919.5	80.9832317061033
"1432"	892	"SMb21317"	983900	984485	761492.5	713.569540558747
"1433"	754	"SMb21248"	816421	817612	761926.5	220.292087974272
"1434"	891	"SMb21316"	981934	983704	762866	1007.85186918048
"1435"	755	"SMb21249"	817643	818486	762974.5	290.586890275208
"1436"	756	"SMb21250"	818896	820180	764448	369.806112153067
"1437"	890	"SMb21315"	980516	981938	764458	786.489055588881
"1438"	889	"SMb21314"	979582	980242	765773	1237.0274881176
"1439"	757	"SMb21251"	820285	822502	766303.5	773.467713557114
"1440"	888	"SMb21313"	977202	979452	767358	552.104899965513
"1441"	758	"SMb21252"	822579	823677	768038	633.166567086798
"1442"	887	"SMb21312"	976360	977206	768902	169.277445780679
"1443"	759	"SMb21253"	823673	824444	768968.5	599.914931202227
"1444"	760	"SMb21254"	824430	825261	769755.5	2408.94826560215
"1445"	886	"SMb21311"	975101	976364	769952.5	203.132934873585
"1446"	885	"SMb21310"	974385	975090	770947.5	104.801829261236
"1447"	761	"SMb21255"	825489	826692	771000.5	1026.64425881242
"1448"	762	"SMb21256"	826681	828115	772308	2571.45984343964
"1449"	884	"SMb21309"	972160	974377	772416.5	406.265869747171
"1450"	763	"SMb21257"	828466	829486	773886	960.975038055808
"1451"	883	"SMb21308"	970841	972164	774182.5	205.737203216709
"1452"	764	"SMb21258"	829452	829815	774543.5	463.559774402414
"1453"	765	"SMb21259"	829811	830792	775211.5	1551.38465448578
"1454"	882	"SMb21307"	969819	970797	775377	74.6316056945102
"1455"	881	"SMb21215"	968094	969702	776787	249.301321098814
"1456"	766	"SMb21260"	831101	832994	776957.5	2890.12135426566
"1457"	880	"SMb21214"	967304	968027	778019.5	588.831052627144
"1458"	879	"SMb21213"	966516	967176	778839	354.180501778176
"1459"	767	"SMb21261"	832990	834892	778851	1748.48185513718
"1460"	878	"SMb21667"	966344	966524	779251	163.487209818917
"1461"	877	"SMb21212"	965893	966274	779601.5	533.875021089424
"1462"	768	"SMb21262"	834893	835892	780302.5	588.831052627144
"1463"	876	"SMb21211"	964015	965782	780786.5	205.051754833956
"1464"	769	"SMb21263"	835972	837064	781428	612.003073121954
"1465"	875	"SMb21210"	963135	963807	782214	299.264723279791
"1466"	770	"SMb21264"	837143	838358	782660.5	1022.61178865925
"1467"	874	"SMb21209"	961786	963139	783222.5	582.7616870572
"1468"	771	"SMb21265"	838364	839612	783898	931.045805564619
"1469"	873	"SMb21208"	960968	961691	784355.5	1086.12804877518
"1470"	772	"SMb21266"	839608	840796	785112	979.537774589506
"1471"	872	"SMb21207"	959967	960972	785215.5	678.887566507746
"1472"	773	"SMb21267"	840854	841532	786103	496.003568983279
"1473"	871	"SMb21206"	958219	959968	786591.5	428.114812412167
"1474"	774	"SMb21268"	841683	842397	786950	496.003568983279
"1475"	870	"SMb21205"	957068	958223	788039.5	130.235573982143
"1476"	775	"SMb21269"	842344	844435	788299.5	646.277947173131
"1477"	869	"SMb21204"	955954	957067	789174.5	177.845528448962
"1478"	776	"SMb21270"	844531	844996	789673.5	1359.16061781746
"1479"	868	"SMb21666"	955648	955867	789927.5	108.067816704519
"1480"	777	"SMb21271"	845079	845829	790364	757.842103182223
"1481"	867	"SMb21203"	954985	955588	790398.5	96.3579306557006
"1482"	866	"SMb21202"	953952	954885	791266.5	124.693634662737
"1483"	778	"SMb21272"	845976	847047	791421.5	303.290142329482
"1484"	779	"SMb21273"	847043	848066	792464.5	481.789653278503
"1485"	865	"SMb21201"	951859	953680	792915.5	1008.32063009819
"1486"	780	"SMb21274"	848082	848982	793442	175.956573355294
"1487"	781	"SMb21275"	848978	849758	794278	120.537180177166
"1488"	864	"SMb21200"	950519	951863	794494	916.222052860142
"1489"	782	"SMb21277"	850785	851709	796157	170.41463398809
"1490"	863	"SMb21199"	948715	950317	796169	7528.72456366849
"1491"	783	"SMb21278"	851705	853487	797506	403.176085498738
"1492"	862	"SMb21198"	947583	948714	797536.5	4172.03797009595
"1493"	861	"SMb21197"	946667	947591	798556	3242.31415278992
"1494"	784	"SMb21279"	853493	854663	798988	694.127899648062
"1495"	860	"SMb21196"	945017	946616	799868.5	15657.3640601325
"1496"	785	"SMb21280"	854814	855525	800079.5	123.856707311559
"1497"	786	"SMb21281"	855724	857098	801321	973.996380087575
"1498"	859	"SMb21192"	943329	944373	801834	3304.38131881745
"1499"	787	"SMb22012"	857370	857778	802484	624.04725607815
"1500"	788	"SMb21283"	857871	858894	803292.5	315.993394383757
"1501"	858	"SMb21191"	941310	943104	803478	596.377462747063
"1502"	789	"SMb21284"	858903	860319	804521	1026.64425881242
"1503"	857	"SMb21190"	940263	941301	804903	298.526422809129
"1504"	790	"SMb21285"	860486	860858	805582	598.529446400257
"1505"	856	"SMb21189"	939158	940262	805975	330.742086215839
"1506"	791	"SMb21286"	860863	862345	806514	2002.02557947399
"1507"	855	"SMb21188"	938007	939141	807111	208.341471717907
"1508"	792	"SMb21287"	862358	864692	808435	2113.50355633301
"1509"	854	"SMb21187"	936833	937664	808436.5	236.988423966492
"1510"	853	"SMb21186"	935352	936621	809698.5	12815.7346747324
"1511"	793	"SMb21288"	864718	865585	810061.5	694.127899648062
"1512"	794	"SMb21289"	865574	866078	810736	395.388719567532
"1513"	852	"SMb21185"	933761	935237	811186	4018.38613421594
"1514"	795	"SMb21290"	866067	867048	811467.5	216.135633409038
"1515"	796	"SMb21291"	867059	868007	812443	711.382113795846
"1516"	851	"SMb21184"	932546	933725	812549.5	851.59576543157
"1517"	797	"SMb21292"	868156	869395	813685.5	2013.10945788975
"1518"	850	"SMb21183"	930552	932442	814188	3922.02820409769
"1519"	798	"SMb21293"	869391	870735	814973	1851.00773207618
"1520"	849	"SMb21182"	929178	930363	815914.5	5122.59593509541
"1521"	799	"SMb21294"	870948	871455	816111.5	163.554369887902
"1522"	800	"SMb21295"	871578	872163	816780.5	654.217479707052
"1523"	848	"SMb21181"	927979	929167	817112	11863.2494924446
"1524"	801	"SMb21296"	872433	872739	817496	492.206726809072
"1525"	847	"SMb21180"	926838	927792	818370	390.64025937228
"1526"	802	"SMb21297"	872776	874918	818757	726.59088243244
"1527"	846	"SMb21179"	925632	926808	819465	708.206300782277
"1528"	845	"SMb21178"	924276	925530	820782	166.258179582181
"1529"	844	"SMb21177"	923270	924110	821995	7744.8601975555
"1530"	803	"SMb21298"	874926	880374	822560	3147.82153221176
"1531"	843	"SMb21176"	922273	923179	822959	39740.5360723892
"1532"	842	"SMb21175"	921139	922102	824064.5	6469.13109806933
"1533"	841	"SMb21174"	919612	921130	825314	8644.03985235617
"1534"	804	"SMb21299"	880614	881406	825920	353.298631512557
"1535"	840	"SMb21173"	919424	919616	826165	587.525406577553
"1536"	839	"SMb21172"	918535	919345	826745	4186.93515440124
"1537"	805	"SMb21300"	881500	882505	826912.5	700.548198526979
"1538"	838	"SMb21171"	917430	918570	827685	8977.94169680047
"1539"	837	"SMb21170"	916846	917434	828545	3718.64128336924
"1540"	806	"SMb21301"	882509	884894	828611.5	2169.35557424097
"1541"	836	"SMb21169"	916401	916827	829071	874.936483683748
"1542"	835	"SMb21168"	915181	916366	829911.5	253.543723858843
"1543"	807	"SMb21302"	885018	885474	830156	1080.67816704519
"1544"	808	"SMb21303"	885494	885923	830618.5	699.669839015265
"1545"	809	"SMb21304"	885956	886751	831263.5	1255.24925559851
"1546"	834	"SMb21167"	913643	915005	831361	9.52743902516182
"1547"	810	"SMb21143"	886946	888368	832567	695.339661682658
"1548"	833	"SMb21166"	912193	913609	832784	483.534205606227
"1549"	811	"SMb21144"	888558	889476	833927	1184.94212014861
"1550"	832	"SMb21165"	910661	912197	834256	574.822154523278
"1551"	812	"SMb21145"	889553	890753	835063	489.075203312366
"1552"	831	"SMb21164"	909844	910660	835433	333.901843966332
"1553"	813	"SMb21146"	890749	891688	836128.5	415.64544887579
"1554"	830	"SMb21163"	908168	909842	836680	1687.56592048825
"1555"	814	"SMb21147"	891687	892425	836966	154.026930893829
"1556"	815	"SMb21148"	892613	893774	838103.5	227.21951198412
"1557"	829	"SMb21162"	906756	907971	838321.5	146.087398375452
"1558"	816	"SMb21149"	893786	894671	839138.5	122.400614608583
"1559"	828	"SMb21161"	905249	906683	839719	364.597575466819
"1560"	817	"SMb21150"	894667	895525	840006	126.079119496572
"1561"	818	"SMb21151"	895554	896784	841079	520.853679215731
"1562"	827	"SMb21160"	903321	905241	841404	682.799796673728
"1563"	826	"SMb21159"	902520	903297	842776.5	195.32012968614
"1564"	825	"SMb21158"	901637	902501	843616	286.469523592363
"1565"	824	"SMb21157"	901227	901617	844263	167.643664384151
"1566"	823	"SMb21156"	900618	901185	844783.5	188.42593689167
"1567"	822	"SMb21155"	899123	900617	845815	441.438008108835
"1568"	821	"SMb21154"	898659	899043	846834	303.290142329482
"1569"	820	"SMb21153"	898008	898509	847426.5	136.55995935029
"1570"	819	"SMb21152"	896872	898006	848246	244.537601578461
